10 -7 -10 -2 -3 -3 -6 -7 7
-8 8 3 -9 -10 -8 -4 -3 6
9 -10 7 -4 10 7 3 -3 4
8 -2 -10 -5 3 0 -2 -6 -4
0 -7 -8 2 -7 1 1 9 -2
-9 4 7 -7 2 -8 7 -1 10
9 1 8 -4 -8 -9 -3 -1 -8
-3 -7 2 -2 4 10 1 -5 1
1 -4 -2 10 -8 9 10 -5 7
-3 -5 4 2 -2 10 7 -3 0
-9 -3 -9 0 2 -2 -8 -4 8
0 -4 10 5 2 10 4 -6 -2
-6 -3 7 7 -2 8 3 8 2
1 -3 -6 6 5 -8 -9 -7 -6
10 -5 3 9 -8 2 2 9 4
6 -2 7 -10 -7 7 -2 10 0
-7 -1 3 -5 4 -10 -2 6 -5
6 -7 10 -1 10 6 9 -4 -6
1 -5 7 6 -10 9 0 5 -10
-7 1 -1 -3 -9 -3 8 -8 -8
0 0 0 0 0 0 0 0 0
0 0 0 0 0 0 0 0 0
0 0 0 0 0 0 0 0 0
0 0 0 0 0 0 0 0 0
0 0 0 0 0 0 0 0 0
0 0 0 0 0 0 0 0 0
0 0 0 0 0 0 0 0 0
0 0 0 0 0 0 0 0 0
0 0 0 0 0 0 0 0 0
0 0 0 0 0 0 0 0 0
0 0 0 0 0 0 0 0 0
0 0 0 0 0 0 0 0 0
0 0 0 0 0 0 0 0 0
0 0 0 0 0 0 0 0 0
0 0 0 0 0 0 0 0 0
0 0 0 0 0 0 0 0 0
0 0 0 0 0 0 0 0 0
0 0 0 0 0 0 0 0 0
0 0 0 0 0 0 0 0 0
0 0 0 0 0 0 0 0 0
