// 0x00000000
05
f8
02
0a
fc
00
07
ff
09
fa
03
f7
04
01
fd
08
// 0x00000010
fb
06
00
00
00
00
00
00
00
00
00
04
ff
09
06
fd
// 0x00000020
f6
07
00
fb
03
fa
08
fe
01
09
fc
05
f7
00
00
00
// 0x00000030
00
00
00
00
00
00
07
00
11
04
00
00
03
05
00
07
// 0x00000040
00
11
04
00
00
03
05
00
f7
06
fd
01
08
f9
02
fb
// 0x00000050
0a
ff
04
f6
05
fe
09
00
fa
03
f6
0a
f3
06
06
02
// 0x00000060
02
f5
0d
f6
0a
f3
06
06
02
02
f5
0d
f6
08
ff
06
// 0x00000070
fd
09
fb
02
f8
04
01
fa
0a
fe
07
fc
00
03
2c
e6
// 0x00000080
71
d6
0c
e2
20
f7
14
04
fb
09
01
f8
00
fe
07
fa
// 0x00000090
0a
fc
03
ff
05
f7
08
fd
02
75
bc
4b
12
d4
4b
b5
// 0x000000a0
3d
af
f8
03
fa
07
ff
0a
fc
05
fd
08
f7
02
fb
06
// 0x000000b0
00
f6
04
ff
ed
42
f6
d9
e3
04
e5
36
fb
0a
fd
08
// 0x000000c0
f9
02
ff
06
fb
09
00
f8
04
f6
03
fe
07
fa
05
f7
// 0x000000d0
01
fd
08
fc
02
0a
ff
06
f9
03
00
fb
09
fe
04
f8
// 0x000000e0
0a
fd
01
fa
07
f7
05
ff
02
f6
08
fc
03
00
fb
06
// 0x000000f0
fe
09
f9
01
0a
fd
04
f8
05
ff
06
f7
02
fc
07
f6
// 0x00000100
03
00
fa
08
fe
01
fb
09
fd
04
f9
0a
ff
02
f8
05
// 0x00000110
f7
06
fc
00
03
f6
07
fe
08
fb
01
fa
09
fd
04
ff
// 0x00000120
0a
f8
02
f9
05
00
f7
03
fc
06
fe
08
f6
01
fb
07
// 0x00000130
ff
09
fd
06
f8
04
fe
0a
fa
00
05
f7
02
f9
03
ff
// 0x00000140
08
fc
0a
fb
06
f6
02
fd
07
f8
01
09
fe
04
fa
00
// 0x00000150
05
f7
03
ff
08
f9
0a
fc
02
fb
06
f8
09
fd
01
f6
// 0x00000160
07
fe
04
00
fa
05
f7
04
00
00
00
00
00
00
00
00
// 0x00000170
00
00
00
00
00
00
00
00
00
00
00
00
00
00
00
00
// 0x00000180
00
00
00
00
00
00
00
00
00
00
00
00
00
00
00
00
// 0x00000190
00
00
00
00
00
00
00
00
00
00
00
00
00
00
00
00
// 0x000001a0
00
00
00
00
00
00
00
00
00
00
00
00
00
00
00
00
// 0x000001b0
00
00
00
00
00
00
00
00
00
00
00
00
00
00
00
00
// 0x000001c0
00
00
00
00
00
00
00
00
00
00
00
00
00
00
00
00
// 0x000001d0
00
00
00
00
00
00
00
00
00
00
00
00
00
00
00
00
// 0x000001e0
00
00
00
00
00
00
00
00
00
00
00
00
00
00
00
00
// 0x000001f0
00
00
00
00
00
00
00
00
00
00
00
00
00
00
00
00
// 0x00000200
00
00
00
00
00
00
00
00
00
00
00
00
00
00
00
00
// 0x00000210
00
00
00
00
00
00
00
00
00
00
00
00
00
00
00
00
// 0x00000220
00
00
00
00
00
00
00
00
00
00
00
00
00
00
00
00
// 0x00000230
00
00
00
00
00
00
00
00
00
00
00
00
00
00
00
00
// 0x00000240
00
00
00
00
00
00
00
00
00
00
00
00
00
00
00
00
// 0x00000250
00
00
00
00
00
00
00
00
00
00
00
00
00
00
00
00
// 0x00000260
00
00
00
00
00
00
00
00
00
00
00
00
00
00
00
00
// 0x00000270
00
00
00
00
00
00
00
00
00
00
00
00
00
00
00
00
// 0x00000280
00
00
00
00
00
00
00
00
00
00
00
00
00
00
00
00
// 0x00000290
00
00
00
00
00
00
00
00
00
00
00
00
00
00
00
00
// 0x000002a0
00
00
00
00
00
00
00
00
00
00
00
00
00
00
00
00
// 0x000002b0
00
00
00
00
00
00
00
00
00
00
00
00
00
00
00
00
// 0x000002c0
00
00
00
00
00
00
00
00
00
00
00
00
00
00
00
00
// 0x000002d0
00
00
00
00
00
00
00
00
00
00
00
00
00
00
00
00
// 0x000002e0
00
00
00
00
00
00
00
00
00
00
00
00
00
00
00
00
// 0x000002f0
00
00
00
00
00
00
00
00
00
00
00
00
00
00
00
00
// 0x00000300
00
00
00
00
00
00
00
00
00
00
00
00
00
00
00
00
// 0x00000310
00
00
00
00
00
00
00
00
00
00
00
00
00
00
00
00
// 0x00000320
00
00
00
00
00
00
00
00
00
00
00
00
00
00
00
00
// 0x00000330
00
00
00
00
00
00
00
00
00
00
00
00
00
00
00
00
// 0x00000340
00
00
00
00
00
00
00
00
00
00
00
00
00
00
00
00
// 0x00000350
00
00
00
00
00
00
00
00
00
00
00
00
00
00
00
00
// 0x00000360
00
00
00
00
00
00
00
00
00
00
00
00
00
00
00
00
// 0x00000370
00
00
00
00
00
00
00
00
00
00
00
00
00
00
00
00
// 0x00000380
00
00
00
00
00
00
00
00
00
00
00
00
00
00
00
00
// 0x00000390
00
00
00
00
00
00
00
00
00
00
00
00
00
00
00
00
// 0x000003a0
00
00
00
00
00
00
00
00
00
00
00
00
00
00
00
00
// 0x000003b0
00
00
00
00
00
00
00
00
00
00
00
00
00
00
00
00
// 0x000003c0
00
00
00
00
00
00
00
00
00
00
00
00
00
00
00
00
// 0x000003d0
00
00
00
00
00
00
00
00
00
00
00
00
00
00
00
00
// 0x000003e0
00
00
00
00
00
00
00
00
00
00
00
00
00
00
00
00
// 0x000003f0
00
00
00
00
00
00
00
00
00
00
00
00
00
00
00
00
// 0x00000400
00
00
00
00
00
00
00
00
00
00
00
00
00
00
00
00
// 0x00000410
00
00
00
00
00
00
00
00
00
00
00
00
00
00
00
00
// 0x00000420
00
00
00
00
00
00
00
00
00
00
00
00
00
00
00
00
// 0x00000430
00
00
00
00
00
00
00
00
00
00
00
00
00
00
00
00
// 0x00000440
00
00
00
00
00
00
00
00
00
00
00
00
00
00
00
00
// 0x00000450
00
00
00
00
00
00
00
00
00
00
00
00
00
00
00
00
// 0x00000460
00
00
00
00
00
00
00
00
00
00
00
00
00
00
00
00
// 0x00000470
00
00
00
00
00
00
00
00
00
00
00
00
00
00
00
00
// 0x00000480
00
00
00
00
00
00
00
00
00
00
00
00
00
00
00
00
// 0x00000490
00
00
00
00
00
00
00
00
00
00
00
00
00
00
00
00
// 0x000004a0
00
00
00
00
00
00
00
00
00
00
00
00
00
00
00
00
// 0x000004b0
00
00
00
00
00
00
00
00
00
00
00
00
00
00
00
00
// 0x000004c0
00
00
00
00
00
00
00
00
00
00
00
00
00
00
00
00
// 0x000004d0
00
00
00
00
00
00
00
00
00
00
00
00
00
00
00
00
// 0x000004e0
00
00
00
00
00
00
00
00
00
00
00
00
00
00
00
00
// 0x000004f0
00
00
00
00
00
00
00
00
00
00
00
00
00
00
00
00
// 0x00000500
00
00
00
00
00
00
00
00
00
00
00
00
00
00
00
00
// 0x00000510
00
00
00
00
00
00
00
00
00
00
00
00
00
00
00
00
// 0x00000520
00
00
00
00
00
00
00
00
00
00
00
00
00
00
00
00
// 0x00000530
00
00
00
00
00
00
00
00
00
00
00
00
00
00
00
00
// 0x00000540
00
00
00
00
00
00
00
00
00
00
00
00
00
00
00
00
// 0x00000550
00
00
00
00
00
00
00
00
00
00
00
00
00
00
00
00
// 0x00000560
00
00
00
00
00
00
00
00
00
00
00
00
00
00
00
00
// 0x00000570
00
00
00
00
00
00
00
00
00
00
00
00
00
00
00
00
// 0x00000580
00
00
00
00
00
00
00
00
00
00
00
00
00
00
00
00
// 0x00000590
00
00
00
00
00
00
00
00
00
00
00
00
00
00
00
00
// 0x000005a0
00
00
00
00
00
00
00
00
00
00
00
00
00
00
00
00
// 0x000005b0
00
00
00
00
00
00
00
00
00
00
00
00
00
00
00
00
// 0x000005c0
00
00
00
00
00
00
00
00
00
00
00
00
00
00
00
00
// 0x000005d0
00
00
00
00
00
00
00
00
00
00
00
00
00
00
00
00
// 0x000005e0
00
00
00
00
00
00
00
00
00
00
00
00
00
00
00
00
// 0x000005f0
00
00
00
00
00
00
00
00
00
00
00
00
00
00
00
00
// 0x00000600
00
00
00
00
00
00
00
00
00
00
00
00
00
00
00
00
// 0x00000610
00
00
00
00
00
00
00
00
00
00
00
00
00
00
00
00
// 0x00000620
00
00
00
00
00
00
00
00
00
00
00
00
00
00
00
00
// 0x00000630
00
00
00
00
00
00
00
00
00
00
00
00
00
00
00
00
// 0x00000640
00
00
00
00
00
00
00
00
00
00
00
00
00
00
00
00
// 0x00000650
00
00
00
00
00
00
00
00
00
00
00
00
00
00
00
00
// 0x00000660
00
00
00
00
00
00
00
00
00
00
00
00
00
00
00
00
// 0x00000670
00
00
00
00
00
00
00
00
00
00
00
00
00
00
00
00
// 0x00000680
00
00
00
00
00
00
00
00
00
00
00
00
00
00
00
00
// 0x00000690
00
00
00
00
00
00
00
00
00
00
00
00
00
00
00
00
// 0x000006a0
00
00
00
00
00
00
00
00
00
00
00
00
00
00
00
00
// 0x000006b0
00
00
00
00
00
00
00
00
00
00
00
00
00
00
00
00
// 0x000006c0
00
00
00
00
00
00
00
00
00
00
00
00
00
00
00
00
// 0x000006d0
00
00
00
00
00
00
00
00
00
00
00
00
00
00
00
00
// 0x000006e0
00
00
00
00
00
00
00
00
00
00
00
00
00
00
00
00
// 0x000006f0
00
00
00
00
00
00
00
00
00
00
00
00
00
00
00
00
// 0x00000700
00
00
00
00
00
00
00
00
00
00
00
00
00
00
00
00
// 0x00000710
00
00
00
00
00
00
00
00
00
00
00
00
00
00
00
00
// 0x00000720
00
00
00
00
00
00
00
00
00
00
00
00
00
00
00
00
// 0x00000730
00
00
00
00
00
00
00
00
00
00
00
00
00
00
00
00
// 0x00000740
00
00
00
00
00
00
00
00
00
00
00
00
00
00
00
00
// 0x00000750
00
00
00
00
00
00
00
00
00
00
00
00
00
00
00
00
// 0x00000760
00
00
00
00
00
00
00
00
00
00
00
00
00
00
00
00
// 0x00000770
00
00
00
00
00
00
00
00
00
00
00
00
00
00
00
00
// 0x00000780
00
00
00
00
00
00
00
00
00
00
00
00
00
00
00
00
// 0x00000790
00
00
00
00
00
00
00
00
00
00
00
00
00
00
00
00
// 0x000007a0
00
00
00
00
00
00
00
00
00
00
00
00
00
00
00
00
// 0x000007b0
00
00
00
00
00
00
00
00
00
00
00
00
00
00
00
00
// 0x000007c0
00
00
00
00
00
00
00
00
00
00
00
00
00
00
00
00
// 0x000007d0
00
00
00
00
00
00
00
00
00
00
00
00
00
00
00
00
// 0x000007e0
00
00
00
00
00
00
00
00
00
00
00
00
00
00
00
00
// 0x000007f0
00
00
00
00
00
00
00
00
00
00
00
00
00
00
00
00
// 0x00000800
00
00
00
00
00
00
00
00
00
00
00
00
00
00
00
00
// 0x00000810
00
00
00
00
00
00
00
00
00
00
00
00
00
00
00
00
// 0x00000820
00
00
00
00
00
00
00
00
00
00
00
00
00
00
00
00
// 0x00000830
00
00
00
00
00
00
00
00
00
00
00
00
00
00
00
00
// 0x00000840
00
00
00
00
00
00
00
00
00
00
00
00
00
00
00
00
// 0x00000850
00
00
00
00
00
00
00
00
00
00
00
00
00
00
00
00
// 0x00000860
00
00
00
00
00
00
00
00
00
00
00
00
00
00
00
00
// 0x00000870
00
00
00
00
00
00
00
00
00
00
00
00
00
00
00
00
// 0x00000880
00
00
00
00
00
00
00
00
00
00
00
00
00
00
00
00
// 0x00000890
00
00
00
00
00
00
00
00
00
00
00
00
00
00
00
00
// 0x000008a0
00
00
00
00
00
00
00
00
00
00
00
00
00
00
00
00
// 0x000008b0
00
00
00
00
00
00
00
00
00
00
00
00
00
00
00
00
// 0x000008c0
00
00
00
00
00
00
00
00
00
00
00
00
00
00
00
00
// 0x000008d0
00
00
00
00
00
00
00
00
00
00
00
00
00
00
00
00
// 0x000008e0
00
00
00
00
00
00
00
00
00
00
00
00
00
00
00
00
// 0x000008f0
00
00
00
00
00
00
00
00
00
00
00
00
00
00
00
00
// 0x00000900
00
00
00
00
00
00
00
00
00
00
00
00
00
00
00
00
// 0x00000910
00
00
00
00
00
00
00
00
00
00
00
00
00
00
00
00
// 0x00000920
00
00
00
00
00
00
00
00
00
00
00
00
00
00
00
00
// 0x00000930
00
00
00
00
00
00
00
00
00
00
00
00
00
00
00
00
// 0x00000940
00
00
00
00
00
00
00
00
00
00
00
00
00
00
00
00
// 0x00000950
00
00
00
00
00
00
00
00
00
00
00
00
00
00
00
00
// 0x00000960
00
00
00
00
00
00
00
00
00
00
00
00
00
00
00
00
// 0x00000970
00
00
00
00
00
00
00
00
00
00
00
00
00
00
00
00
// 0x00000980
00
00
00
00
00
00
00
00
00
00
00
00
00
00
00
00
// 0x00000990
00
00
00
00
00
00
00
00
00
00
00
00
00
00
00
00
// 0x000009a0
00
00
00
00
00
00
00
00
00
00
00
00
00
00
00
00
// 0x000009b0
00
00
00
00
00
00
00
00
00
00
00
00
00
00
00
00
// 0x000009c0
00
00
00
00
00
00
00
00
00
00
00
00
00
00
00
00
// 0x000009d0
00
00
00
00
00
00
00
00
00
00
00
00
00
00
00
00
// 0x000009e0
00
00
00
00
00
00
00
00
00
00
00
00
00
00
00
00
// 0x000009f0
00
00
00
00
00
00
00
00
00
00
00
00
00
00
00
00
// 0x00000a00
00
00
00
00
00
00
00
00
00
00
00
00
00
00
00
00
// 0x00000a10
00
00
00
00
00
00
00
00
00
00
00
00
00
00
00
00
// 0x00000a20
00
00
00
00
00
00
00
00
00
00
00
00
00
00
00
00
// 0x00000a30
00
00
00
00
00
00
00
00
00
00
00
00
00
00
00
00
// 0x00000a40
00
00
00
00
00
00
00
00
00
00
00
00
00
00
00
00
// 0x00000a50
00
00
00
00
00
00
00
00
00
00
00
00
00
00
00
00
// 0x00000a60
00
00
00
00
00
00
00
00
00
00
00
00
00
00
00
00
// 0x00000a70
00
00
00
00
00
00
00
00
00
00
00
00
00
00
00
00
// 0x00000a80
00
00
00
00
00
00
00
00
00
00
00
00
00
00
00
00
// 0x00000a90
00
00
00
00
00
00
00
00
00
00
00
00
00
00
00
00
// 0x00000aa0
00
00
00
00
00
00
00
00
00
00
00
00
00
00
00
00
// 0x00000ab0
00
00
00
00
00
00
00
00
00
00
00
00
00
00
00
00
// 0x00000ac0
00
00
00
00
00
00
00
00
00
00
00
00
00
00
00
00
// 0x00000ad0
00
00
00
00
00
00
00
00
00
00
00
00
00
00
00
00
// 0x00000ae0
00
00
00
00
00
00
00
00
00
00
00
00
00
00
00
00
// 0x00000af0
00
00
00
00
00
00
00
00
00
00
00
00
00
00
00
00
// 0x00000b00
00
00
00
00
00
00
00
00
00
00
00
00
00
00
00
00
// 0x00000b10
00
00
00
00
00
00
00
00
00
00
00
00
00
00
00
00
// 0x00000b20
00
00
00
00
00
00
00
00
00
00
00
00
00
00
00
00
// 0x00000b30
00
00
00
00
00
00
00
00
00
00
00
00
00
00
00
00
// 0x00000b40
00
00
00
00
00
00
00
00
00
00
00
00
00
00
00
00
// 0x00000b50
00
00
00
00
00
00
00
00
00
00
00
00
00
00
00
00
// 0x00000b60
00
00
00
00
00
00
00
00
00
00
00
00
00
00
00
00
// 0x00000b70
00
00
00
00
00
00
00
00
00
00
00
00
00
00
00
00
// 0x00000b80
00
00
00
00
00
00
00
00
00
00
00
00
00
00
00
00
// 0x00000b90
00
00
00
00
00
00
00
00
00
00
00
00
00
00
00
00
// 0x00000ba0
00
00
00
00
00
00
00
00
00
00
00
00
00
00
00
00
// 0x00000bb0
00
00
00
00
00
00
00
00
00
00
00
00
00
00
00
00
// 0x00000bc0
00
00
00
00
00
00
00
00
00
00
00
00
00
00
00
00
// 0x00000bd0
00
00
00
00
00
00
00
00
00
00
00
00
00
00
00
00
// 0x00000be0
00
00
00
00
00
00
00
00
00
00
00
00
00
00
00
00
// 0x00000bf0
00
00
00
00
00
00
00
00
00
00
00
00
00
00
00
00
// 0x00000c00
00
00
00
00
00
00
00
00
00
00
00
00
00
00
00
00
// 0x00000c10
00
00
00
00
00
00
00
00
00
00
00
00
00
00
00
00
// 0x00000c20
00
00
00
00
00
00
00
00
00
00
00
00
00
00
00
00
// 0x00000c30
00
00
00
00
00
00
00
00
00
00
00
00
00
00
00
00
// 0x00000c40
00
00
00
00
00
00
00
00
00
00
00
00
00
00
00
00
// 0x00000c50
00
00
00
00
00
00
00
00
00
00
00
00
00
00
00
00
// 0x00000c60
00
00
00
00
00
00
00
00
00
00
00
00
00
00
00
00
// 0x00000c70
00
00
00
00
00
00
00
00
00
00
00
00
00
00
00
00
// 0x00000c80
00
00
00
00
00
00
00
00
00
00
00
00
00
00
00
00
// 0x00000c90
00
00
00
00
00
00
00
00
00
00
00
00
00
00
00
00
// 0x00000ca0
00
00
00
00
00
00
00
00
00
00
00
00
00
00
00
00
// 0x00000cb0
00
00
00
00
00
00
00
00
00
00
00
00
00
00
00
00
// 0x00000cc0
00
00
00
00
00
00
00
00
00
00
00
00
00
00
00
00
// 0x00000cd0
00
00
00
00
00
00
00
00
00
00
00
00
00
00
00
00
// 0x00000ce0
00
00
00
00
00
00
00
00
00
00
00
00
00
00
00
00
// 0x00000cf0
00
00
00
00
00
00
00
00
00
00
00
00
00
00
00
00
// 0x00000d00
00
00
00
00
00
00
00
00
00
00
00
00
00
00
00
00
// 0x00000d10
00
00
00
00
00
00
00
00
00
00
00
00
00
00
00
00
// 0x00000d20
00
00
00
00
00
00
00
00
00
00
00
00
00
00
00
00
// 0x00000d30
00
00
00
00
00
00
00
00
00
00
00
00
00
00
00
00
// 0x00000d40
00
00
00
00
00
00
00
00
00
00
00
00
00
00
00
00
// 0x00000d50
00
00
00
00
00
00
00
00
00
00
00
00
00
00
00
00
// 0x00000d60
00
00
00
00
00
00
00
00
00
00
00
00
00
00
00
00
// 0x00000d70
00
00
00
00
00
00
00
00
00
00
00
00
00
00
00
00
// 0x00000d80
00
00
00
00
00
00
00
00
00
00
00
00
00
00
00
00
// 0x00000d90
00
00
00
00
00
00
00
00
00
00
00
00
00
00
00
00
// 0x00000da0
00
00
00
00
00
00
00
00
00
00
00
00
00
00
00
00
// 0x00000db0
00
00
00
00
00
00
00
00
00
00
00
00
00
00
00
00
// 0x00000dc0
00
00
00
00
00
00
00
00
00
00
00
00
00
00
00
00
// 0x00000dd0
00
00
00
00
00
00
00
00
00
00
00
00
00
00
00
00
// 0x00000de0
00
00
00
00
00
00
00
00
00
00
00
00
00
00
00
00
// 0x00000df0
00
00
00
00
00
00
00
00
00
00
00
00
00
00
00
00
// 0x00000e00
00
00
00
00
00
00
00
00
00
00
00
00
00
00
00
00
// 0x00000e10
00
00
00
00
00
00
00
00
00
00
00
00
00
00
00
00
// 0x00000e20
00
00
00
00
00
00
00
00
00
00
00
00
00
00
00
00
// 0x00000e30
00
00
00
00
00
00
00
00
00
00
00
00
00
00
00
00
// 0x00000e40
00
00
00
00
00
00
00
00
00
00
00
00
00
00
00
00
// 0x00000e50
00
00
00
00
00
00
00
00
00
00
00
00
00
00
00
00
// 0x00000e60
00
00
00
00
00
00
00
00
00
00
00
00
00
00
00
00
// 0x00000e70
00
00
00
00
00
00
00
00
00
00
00
00
00
00
00
00
// 0x00000e80
00
00
00
00
00
00
00
00
00
00
00
00
00
00
00
00
// 0x00000e90
00
00
00
00
00
00
00
00
00
00
00
00
00
00
00
00
// 0x00000ea0
00
00
00
00
00
00
00
00
00
00
00
00
00
00
00
00
// 0x00000eb0
00
00
00
00
00
00
00
00
00
00
00
00
00
00
00
00
// 0x00000ec0
00
00
00
00
00
00
00
00
00
00
00
00
00
00
00
00
// 0x00000ed0
00
00
00
00
00
00
00
00
00
00
00
00
00
00
00
00
// 0x00000ee0
00
00
00
00
00
00
00
00
00
00
00
00
00
00
00
00
// 0x00000ef0
00
00
00
00
00
00
00
00
00
00
00
00
00
00
00
00
// 0x00000f00
00
00
00
00
00
00
00
00
00
00
00
00
00
00
00
00
// 0x00000f10
00
00
00
00
00
00
00
00
00
00
00
00
00
00
00
00
// 0x00000f20
00
00
00
00
00
00
00
00
00
00
00
00
00
00
00
00
// 0x00000f30
00
00
00
00
00
00
00
00
00
00
00
00
00
00
00
00
// 0x00000f40
00
00
00
00
00
00
00
00
00
00
00
00
00
00
00
00
// 0x00000f50
00
00
00
00
00
00
00
00
00
00
00
00
00
00
00
00
// 0x00000f60
00
00
00
00
00
00
00
00
00
00
00
00
00
00
00
00
// 0x00000f70
00
00
00
00
00
00
00
00
00
00
00
00
00
00
00
00
// 0x00000f80
00
00
00
00
00
00
00
00
00
00
00
00
00
00
00
00
// 0x00000f90
00
00
00
00
00
00
00
00
00
00
00
00
00
00
00
00
// 0x00000fa0
00
00
00
00
00
00
00
00
00
00
00
00
00
00
00
00
// 0x00000fb0
00
00
00
00
00
00
00
00
00
00
00
00
00
00
00
00
// 0x00000fc0
00
00
00
00
00
00
00
00
00
00
00
00
00
00
00
00
// 0x00000fd0
00
00
00
00
00
00
00
00
00
00
00
00
00
00
00
00
// 0x00000fe0
00
00
00
00
00
00
00
00
00
00
00
00
00
00
00
00
// 0x00000ff0
00
00
00
00
00
00
00
00
00
00
00
00
00
00
00
00
// 0x00001000
00
00
00
00
00
00
00
00
00
00
00
00
00
00
00
00
// 0x00001010
00
00
00
00
00
00
00
00
00
00
00
00
00
00
00
00
// 0x00001020
00
00
00
00
00
00
00
00
00
00
00
00
00
00
00
00
// 0x00001030
00
00
00
00
00
00
00
00
00
00
00
00
00
00
00
00
// 0x00001040
00
00
00
00
00
00
00
00
00
00
00
00
00
00
00
00
// 0x00001050
00
00
00
00
00
00
00
00
00
00
00
00
00
00
00
00
// 0x00001060
00
00
00
00
00
00
00
00
00
00
00
00
00
00
00
00
// 0x00001070
00
00
00
00
00
00
00
00
00
00
00
00
00
00
00
00
// 0x00001080
00
00
00
00
00
00
00
00
00
00
00
00
00
00
00
00
// 0x00001090
00
00
00
00
00
00
00
00
00
00
00
00
00
00
00
00
// 0x000010a0
00
00
00
00
00
00
00
00
00
00
00
00
00
00
00
00
// 0x000010b0
00
00
00
00
00
00
00
00
00
00
00
00
00
00
00
00
// 0x000010c0
00
00
00
00
00
00
00
00
00
00
00
00
00
00
00
00
// 0x000010d0
00
00
00
00
00
00
00
00
00
00
00
00
00
00
00
00
// 0x000010e0
00
00
00
00
00
00
00
00
00
00
00
00
00
00
00
00
// 0x000010f0
00
00
00
00
00
00
00
00
00
00
00
00
00
00
00
00
// 0x00001100
00
00
00
00
00
00
00
00
00
00
00
00
00
00
00
00
// 0x00001110
00
00
00
00
00
00
00
00
00
00
00
00
00
00
00
00
// 0x00001120
00
00
00
00
00
00
00
00
00
00
00
00
00
00
00
00
// 0x00001130
00
00
00
00
00
00
00
00
00
00
00
00
00
00
00
00
// 0x00001140
00
00
00
00
00
00
00
00
00
00
00
00
00
00
00
00
// 0x00001150
00
00
00
00
00
00
00
00
00
00
00
00
00
00
00
00
// 0x00001160
00
00
00
00
00
00
00
00
00
00
00
00
00
00
00
00
// 0x00001170
00
00
00
00
00
00
00
00
00
00
00
00
00
00
00
00
// 0x00001180
00
00
00
00
00
00
00
00
00
00
00
00
00
00
00
00
// 0x00001190
00
00
00
00
00
00
00
00
00
00
00
00
00
00
00
00
// 0x000011a0
00
00
00
00
00
00
00
00
00
00
00
00
00
00
00
00
// 0x000011b0
00
00
00
00
00
00
00
00
00
00
00
00
00
00
00
00
// 0x000011c0
00
00
00
00
00
00
00
00
00
00
00
00
00
00
00
00
// 0x000011d0
00
00
00
00
00
00
00
00
00
00
00
00
00
00
00
00
// 0x000011e0
00
00
00
00
00
00
00
00
00
00
00
00
00
00
00
00
// 0x000011f0
00
00
00
00
00
00
00
00
00
00
00
00
00
00
00
00
// 0x00001200
00
00
00
00
00
00
00
00
00
00
00
00
00
00
00
00
// 0x00001210
00
00
00
00
00
00
00
00
00
00
00
00
00
00
00
00
// 0x00001220
00
00
00
00
00
00
00
00
00
00
00
00
00
00
00
00
// 0x00001230
00
00
00
00
00
00
00
00
00
00
00
00
00
00
00
00
// 0x00001240
00
00
00
00
00
00
00
00
00
00
00
00
00
00
00
00
// 0x00001250
00
00
00
00
00
00
00
00
00
00
00
00
00
00
00
00
// 0x00001260
00
00
00
00
00
00
00
00
00
00
00
00
00
00
00
00
// 0x00001270
00
00
00
00
00
00
00
00
00
00
00
00
00
00
00
00
// 0x00001280
00
00
00
00
00
00
00
00
00
00
00
00
00
00
00
00
// 0x00001290
00
00
00
00
00
00
00
00
00
00
00
00
00
00
00
00
// 0x000012a0
00
00
00
00
00
00
00
00
00
00
00
00
00
00
00
00
// 0x000012b0
00
00
00
00
00
00
00
00
00
00
00
00
00
00
00
00
// 0x000012c0
00
00
00
00
00
00
00
00
00
00
00
00
00
00
00
00
// 0x000012d0
00
00
00
00
00
00
00
00
00
00
00
00
00
00
00
00
// 0x000012e0
00
00
00
00
00
00
00
00
00
00
00
00
00
00
00
00
// 0x000012f0
00
00
00
00
00
00
00
00
00
00
00
00
00
00
00
00
// 0x00001300
00
00
00
00
00
00
00
00
00
00
00
00
00
00
00
00
// 0x00001310
00
00
00
00
00
00
00
00
00
00
00
00
00
00
00
00
// 0x00001320
00
00
00
00
00
00
00
00
00
00
00
00
00
00
00
00
// 0x00001330
00
00
00
00
00
00
00
00
00
00
00
00
00
00
00
00
// 0x00001340
00
00
00
00
00
00
00
00
00
00
00
00
00
00
00
00
// 0x00001350
00
00
00
00
00
00
00
00
00
00
00
00
00
00
00
00
// 0x00001360
00
00
00
00
00
00
00
00
00
00
00
00
00
00
00
00
// 0x00001370
00
00
00
00
00
00
00
00
00
00
00
00
00
00
00
00
// 0x00001380
00
00
00
00
00
00
00
00
00
00
00
00
00
00
00
00
// 0x00001390
00
00
00
00
00
00
00
00
00
00
00
00
00
00
00
00
// 0x000013a0
00
00
00
00
00
00
00
00
00
00
00
00
00
00
00
00
// 0x000013b0
00
00
00
00
00
00
00
00
00
00
00
00
00
00
00
00
// 0x000013c0
00
00
00
00
00
00
00
00
00
00
00
00
00
00
00
00
// 0x000013d0
00
00
00
00
00
00
00
00
00
00
00
00
00
00
00
00
// 0x000013e0
00
00
00
00
00
00
00
00
00
00
00
00
00
00
00
00
// 0x000013f0
00
00
00
00
00
00
00
00
00
00
00
00
00
00
00
00
// 0x00001400
00
00
00
00
00
00
00
00
00
00
00
00
00
00
00
00
// 0x00001410
00
00
00
00
00
00
00
00
00
00
00
00
00
00
00
00
// 0x00001420
00
00
00
00
00
00
00
00
00
00
00
00
00
00
00
00
// 0x00001430
00
00
00
00
00
00
00
00
00
00
00
00
00
00
00
00
// 0x00001440
00
00
00
00
00
00
00
00
00
00
00
00
00
00
00
00
// 0x00001450
00
00
00
00
00
00
00
00
00
00
00
00
00
00
00
00
// 0x00001460
00
00
00
00
00
00
00
00
00
00
00
00
00
00
00
00
// 0x00001470
00
00
00
00
00
00
00
00
00
00
00
00
00
00
00
00
// 0x00001480
00
00
00
00
00
00
00
00
00
00
00
00
00
00
00
00
// 0x00001490
00
00
00
00
00
00
00
00
00
00
00
00
00
00
00
00
// 0x000014a0
00
00
00
00
00
00
00
00
00
00
00
00
00
00
00
00
// 0x000014b0
00
00
00
00
00
00
00
00
00
00
00
00
00
00
00
00
// 0x000014c0
00
00
00
00
00
00
00
00
00
00
00
00
00
00
00
00
// 0x000014d0
00
00
00
00
00
00
00
00
00
00
00
00
00
00
00
00
// 0x000014e0
00
00
00
00
00
00
00
00
00
00
00
00
00
00
00
00
// 0x000014f0
00
00
00
00
00
00
00
00
00
00
00
00
00
00
00
00
// 0x00001500
00
00
00
00
00
00
00
00
00
00
00
00
00
00
00
00
// 0x00001510
00
00
00
00
00
00
00
00
00
00
00
00
00
00
00
00
// 0x00001520
00
00
00
00
00
00
00
00
00
00
00
00
00
00
00
00
// 0x00001530
00
00
00
00
00
00
00
00
00
00
00
00
00
00
00
00
// 0x00001540
00
00
00
00
00
00
00
00
00
00
00
00
00
00
00
00
// 0x00001550
00
00
00
00
00
00
00
00
00
00
00
00
00
00
00
00
// 0x00001560
00
00
00
00
00
00
00
00
00
00
00
00
00
00
00
00
// 0x00001570
00
00
00
00
00
00
00
00
00
00
00
00
00
00
00
00
// 0x00001580
00
00
00
00
00
00
00
00
00
00
00
00
00
00
00
00
// 0x00001590
00
00
00
00
00
00
00
00
00
00
00
00
00
00
00
00
// 0x000015a0
00
00
00
00
00
00
00
00
00
00
00
00
00
00
00
00
// 0x000015b0
00
00
00
00
00
00
00
00
00
00
00
00
00
00
00
00
// 0x000015c0
00
00
00
00
00
00
00
00
00
00
00
00
00
00
00
00
// 0x000015d0
00
00
00
00
00
00
00
00
00
00
00
00
00
00
00
00
// 0x000015e0
00
00
00
00
00
00
00
00
00
00
00
00
00
00
00
00
// 0x000015f0
00
00
00
00
00
00
00
00
00
00
00
00
00
00
00
00
// 0x00001600
00
00
00
00
00
00
00
00
00
00
00
00
00
00
00
00
// 0x00001610
00
00
00
00
00
00
00
00
00
00
00
00
00
00
00
00
// 0x00001620
00
00
00
00
00
00
00
00
00
00
00
00
00
00
00
00
// 0x00001630
00
00
00
00
00
00
00
00
00
00
00
00
00
00
00
00
// 0x00001640
00
00
00
00
00
00
00
00
00
00
00
00
00
00
00
00
// 0x00001650
00
00
00
00
00
00
00
00
00
00
00
00
00
00
00
00
// 0x00001660
00
00
00
00
00
00
00
00
00
00
00
00
00
00
00
00
// 0x00001670
00
00
00
00
00
00
00
00
00
00
00
00
00
00
00
00
// 0x00001680
00
00
00
00
00
00
00
00
00
00
00
00
00
00
00
00
// 0x00001690
00
00
00
00
00
00
00
00
00
00
00
00
00
00
00
00
// 0x000016a0
00
00
00
00
00
00
00
00
00
00
00
00
00
00
00
00
// 0x000016b0
00
00
00
00
00
00
00
00
00
00
00
00
00
00
00
00
// 0x000016c0
00
00
00
00
00
00
00
00
00
00
00
00
00
00
00
00
// 0x000016d0
00
00
00
00
00
00
00
00
00
00
00
00
00
00
00
00
// 0x000016e0
00
00
00
00
00
00
00
00
00
00
00
00
00
00
00
00
// 0x000016f0
00
00
00
00
00
00
00
00
00
00
00
00
00
00
00
00
// 0x00001700
00
00
00
00
00
00
00
00
00
00
00
00
00
00
00
00
// 0x00001710
00
00
00
00
00
00
00
00
00
00
00
00
00
00
00
00
// 0x00001720
00
00
00
00
00
00
00
00
00
00
00
00
00
00
00
00
// 0x00001730
00
00
00
00
00
00
00
00
00
00
00
00
00
00
00
00
// 0x00001740
00
00
00
00
00
00
00
00
00
00
00
00
00
00
00
00
// 0x00001750
00
00
00
00
00
00
00
00
00
00
00
00
00
00
00
00
// 0x00001760
00
00
00
00
00
00
00
00
00
00
00
00
00
00
00
00
// 0x00001770
00
00
00
00
00
00
00
00
00
00
00
00
00
00
00
00
// 0x00001780
00
00
00
00
00
00
00
00
00
00
00
00
00
00
00
00
// 0x00001790
00
00
00
00
00
00
00
00
00
00
00
00
00
00
00
00
// 0x000017a0
00
00
00
00
00
00
00
00
00
00
00
00
00
00
00
00
// 0x000017b0
00
00
00
00
00
00
00
00
00
00
00
00
00
00
00
00
// 0x000017c0
00
00
00
00
00
00
00
00
00
00
00
00
00
00
00
00
// 0x000017d0
00
00
00
00
00
00
00
00
00
00
00
00
00
00
00
00
// 0x000017e0
00
00
00
00
00
00
00
00
00
00
00
00
00
00
00
00
// 0x000017f0
00
00
00
00
00
00
00
00
00
00
00
00
00
00
00
00
// 0x00001800
00
00
00
00
00
00
00
00
00
00
00
00
00
00
00
00
// 0x00001810
00
00
00
00
00
00
00
00
00
00
00
00
00
00
00
00
// 0x00001820
00
00
00
00
00
00
00
00
00
00
00
00
00
00
00
00
// 0x00001830
00
00
00
00
00
00
00
00
00
00
00
00
00
00
00
00
// 0x00001840
00
00
00
00
00
00
00
00
00
00
00
00
00
00
00
00
// 0x00001850
00
00
00
00
00
00
00
00
00
00
00
00
00
00
00
00
// 0x00001860
00
00
00
00
00
00
00
00
00
00
00
00
00
00
00
00
// 0x00001870
00
00
00
00
00
00
00
00
00
00
00
00
00
00
00
00
// 0x00001880
00
00
00
00
00
00
00
00
00
00
00
00
00
00
00
00
// 0x00001890
00
00
00
00
00
00
00
00
00
00
00
00
00
00
00
00
// 0x000018a0
00
00
00
00
00
00
00
00
00
00
00
00
00
00
00
00
// 0x000018b0
00
00
00
00
00
00
00
00
00
00
00
00
00
00
00
00
// 0x000018c0
00
00
00
00
00
00
00
00
00
00
00
00
00
00
00
00
// 0x000018d0
00
00
00
00
00
00
00
00
00
00
00
00
00
00
00
00
// 0x000018e0
00
00
00
00
00
00
00
00
00
00
00
00
00
00
00
00
// 0x000018f0
00
00
00
00
00
00
00
00
00
00
00
00
00
00
00
00
// 0x00001900
00
00
00
00
00
00
00
00
00
00
00
00
00
00
00
00
// 0x00001910
00
00
00
00
00
00
00
00
00
00
00
00
00
00
00
00
// 0x00001920
00
00
00
00
00
00
00
00
00
00
00
00
00
00
00
00
// 0x00001930
00
00
00
00
00
00
00
00
00
00
00
00
00
00
00
00
// 0x00001940
00
00
00
00
00
00
00
00
00
00
00
00
00
00
00
00
// 0x00001950
00
00
00
00
00
00
00
00
00
00
00
00
00
00
00
00
// 0x00001960
00
00
00
00
00
00
00
00
00
00
00
00
00
00
00
00
// 0x00001970
00
00
00
00
00
00
00
00
00
00
00
00
00
00
00
00
// 0x00001980
00
00
00
00
00
00
00
00
00
00
00
00
00
00
00
00
// 0x00001990
00
00
00
00
00
00
00
00
00
00
00
00
00
00
00
00
// 0x000019a0
00
00
00
00
00
00
00
00
00
00
00
00
00
00
00
00
// 0x000019b0
00
00
00
00
00
00
00
00
00
00
00
00
00
00
00
00
// 0x000019c0
00
00
00
00
00
00
00
00
00
00
00
00
00
00
00
00
// 0x000019d0
00
00
00
00
00
00
00
00
00
00
00
00
00
00
00
00
// 0x000019e0
00
00
00
00
00
00
00
00
00
00
00
00
00
00
00
00
// 0x000019f0
00
00
00
00
00
00
00
00
00
00
00
00
00
00
00
00
// 0x00001a00
00
00
00
00
00
00
00
00
00
00
00
00
00
00
00
00
// 0x00001a10
00
00
00
00
00
00
00
00
00
00
00
00
00
00
00
00
// 0x00001a20
00
00
00
00
00
00
00
00
00
00
00
00
00
00
00
00
// 0x00001a30
00
00
00
00
00
00
00
00
00
00
00
00
00
00
00
00
// 0x00001a40
00
00
00
00
00
00
00
00
00
00
00
00
00
00
00
00
// 0x00001a50
00
00
00
00
00
00
00
00
00
00
00
00
00
00
00
00
// 0x00001a60
00
00
00
00
00
00
00
00
00
00
00
00
00
00
00
00
// 0x00001a70
00
00
00
00
00
00
00
00
00
00
00
00
00
00
00
00
// 0x00001a80
00
00
00
00
00
00
00
00
00
00
00
00
00
00
00
00
// 0x00001a90
00
00
00
00
00
00
00
00
00
00
00
00
00
00
00
00
// 0x00001aa0
00
00
00
00
00
00
00
00
00
00
00
00
00
00
00
00
// 0x00001ab0
00
00
00
00
00
00
00
00
00
00
00
00
00
00
00
00
// 0x00001ac0
00
00
00
00
00
00
00
00
00
00
00
00
00
00
00
00
// 0x00001ad0
00
00
00
00
00
00
00
00
00
00
00
00
00
00
00
00
// 0x00001ae0
00
00
00
00
00
00
00
00
00
00
00
00
00
00
00
00
// 0x00001af0
00
00
00
00
00
00
00
00
00
00
00
00
00
00
00
00
// 0x00001b00
00
00
00
00
00
00
00
00
00
00
00
00
00
00
00
00
// 0x00001b10
00
00
00
00
00
00
00
00
00
00
00
00
00
00
00
00
// 0x00001b20
00
00
00
00
00
00
00
00
00
00
00
00
00
00
00
00
// 0x00001b30
00
00
00
00
00
00
00
00
00
00
00
00
00
00
00
00
// 0x00001b40
00
00
00
00
00
00
00
00
00
00
00
00
00
00
00
00
// 0x00001b50
00
00
00
00
00
00
00
00
00
00
00
00
00
00
00
00
// 0x00001b60
00
00
00
00
00
00
00
00
00
00
00
00
00
00
00
00
// 0x00001b70
00
00
00
00
00
00
00
00
00
00
00
00
00
00
00
00
// 0x00001b80
00
00
00
00
00
00
00
00
00
00
00
00
00
00
00
00
// 0x00001b90
00
00
00
00
00
00
00
00
00
00
00
00
00
00
00
00
// 0x00001ba0
00
00
00
00
00
00
00
00
00
00
00
00
00
00
00
00
// 0x00001bb0
00
00
00
00
00
00
00
00
00
00
00
00
00
00
00
00
// 0x00001bc0
00
00
00
00
00
00
00
00
00
00
00
00
00
00
00
00
// 0x00001bd0
00
00
00
00
00
00
00
00
00
00
00
00
00
00
00
00
// 0x00001be0
00
00
00
00
00
00
00
00
00
00
00
00
00
00
00
00
// 0x00001bf0
00
00
00
00
00
00
00
00
00
00
00
00
00
00
00
00
// 0x00001c00
00
00
00
00
00
00
00
00
00
00
00
00
00
00
00
00
// 0x00001c10
00
00
00
00
00
00
00
00
00
00
00
00
00
00
00
00
// 0x00001c20
00
00
00
00
00
00
00
00
00
00
00
00
00
00
00
00
// 0x00001c30
00
00
00
00
00
00
00
00
00
00
00
00
00
00
00
00
// 0x00001c40
00
00
00
00
00
00
00
00
00
00
00
00
00
00
00
00
// 0x00001c50
00
00
00
00
00
00
00
00
00
00
00
00
00
00
00
00
// 0x00001c60
00
00
00
00
00
00
00
00
00
00
00
00
00
00
00
00
// 0x00001c70
00
00
00
00
00
00
00
00
00
00
00
00
00
00
00
00
// 0x00001c80
00
00
00
00
00
00
00
00
00
00
00
00
00
00
00
00
// 0x00001c90
00
00
00
00
00
00
00
00
00
00
00
00
00
00
00
00
// 0x00001ca0
00
00
00
00
00
00
00
00
00
00
00
00
00
00
00
00
// 0x00001cb0
00
00
00
00
00
00
00
00
00
00
00
00
00
00
00
00
// 0x00001cc0
00
00
00
00
00
00
00
00
00
00
00
00
00
00
00
00
// 0x00001cd0
00
00
00
00
00
00
00
00
00
00
00
00
00
00
00
00
// 0x00001ce0
00
00
00
00
00
00
00
00
00
00
00
00
00
00
00
00
// 0x00001cf0
00
00
00
00
00
00
00
00
00
00
00
00
00
00
00
00
// 0x00001d00
00
00
00
00
00
00
00
00
00
00
00
00
00
00
00
00
// 0x00001d10
00
00
00
00
00
00
00
00
00
00
00
00
00
00
00
00
// 0x00001d20
00
00
00
00
00
00
00
00
00
00
00
00
00
00
00
00
// 0x00001d30
00
00
00
00
00
00
00
00
00
00
00
00
00
00
00
00
// 0x00001d40
00
00
00
00
00
00
00
00
00
00
00
00
00
00
00
00
// 0x00001d50
00
00
00
00
00
00
00
00
00
00
00
00
00
00
00
00
// 0x00001d60
00
00
00
00
00
00
00
00
00
00
00
00
00
00
00
00
// 0x00001d70
00
00
00
00
00
00
00
00
00
00
00
00
00
00
00
00
// 0x00001d80
00
00
00
00
00
00
00
00
00
00
00
00
00
00
00
00
// 0x00001d90
00
00
00
00
00
00
00
00
00
00
00
00
00
00
00
00
// 0x00001da0
00
00
00
00
00
00
00
00
00
00
00
00
00
00
00
00
// 0x00001db0
00
00
00
00
00
00
00
00
00
00
00
00
00
00
00
00
// 0x00001dc0
00
00
00
00
00
00
00
00
00
00
00
00
00
00
00
00
// 0x00001dd0
00
00
00
00
00
00
00
00
00
00
00
00
00
00
00
00
// 0x00001de0
00
00
00
00
00
00
00
00
00
00
00
00
00
00
00
00
// 0x00001df0
00
00
00
00
00
00
00
00
00
00
00
00
00
00
00
00
// 0x00001e00
00
00
00
00
00
00
00
00
00
00
00
00
00
00
00
00
// 0x00001e10
00
00
00
00
00
00
00
00
00
00
00
00
00
00
00
00
// 0x00001e20
00
00
00
00
00
00
00
00
00
00
00
00
00
00
00
00
// 0x00001e30
00
00
00
00
00
00
00
00
00
00
00
00
00
00
00
00
// 0x00001e40
00
00
00
00
00
00
00
00
00
00
00
00
00
00
00
00
// 0x00001e50
00
00
00
00
00
00
00
00
00
00
00
00
00
00
00
00
// 0x00001e60
00
00
00
00
00
00
00
00
00
00
00
00
00
00
00
00
// 0x00001e70
00
00
00
00
00
00
00
00
00
00
00
00
00
00
00
00
// 0x00001e80
00
00
00
00
00
00
00
00
00
00
00
00
00
00
00
00
// 0x00001e90
00
00
00
00
00
00
00
00
00
00
00
00
00
00
00
00
// 0x00001ea0
00
00
00
00
00
00
00
00
00
00
00
00
00
00
00
00
// 0x00001eb0
00
00
00
00
00
00
00
00
00
00
00
00
00
00
00
00
// 0x00001ec0
00
00
00
00
00
00
00
00
00
00
00
00
00
00
00
00
// 0x00001ed0
00
00
00
00
00
00
00
00
00
00
00
00
00
00
00
00
// 0x00001ee0
00
00
00
00
00
00
00
00
00
00
00
00
00
00
00
00
// 0x00001ef0
00
00
00
00
00
00
00
00
00
00
00
00
00
00
00
00
// 0x00001f00
00
00
00
00
00
00
00
00
00
00
00
00
00
00
00
00
// 0x00001f10
00
00
00
00
00
00
00
00
00
00
00
00
00
00
00
00
// 0x00001f20
00
00
00
00
00
00
00
00
00
00
00
00
00
00
00
00
// 0x00001f30
00
00
00
00
00
00
00
00
00
00
00
00
00
00
00
00
// 0x00001f40
00
00
00
00
00
00
00
00
00
00
00
00
00
00
00
00
// 0x00001f50
00
00
00
00
00
00
00
00
00
00
00
00
00
00
00
00
// 0x00001f60
00
00
00
00
00
00
00
00
00
00
00
00
00
00
00
00
// 0x00001f70
00
00
00
00
00
00
00
00
00
00
00
00
00
00
00
00
// 0x00001f80
00
00
00
00
00
00
00
00
00
00
00
00
00
00
00
00
// 0x00001f90
00
00
00
00
00
00
00
00
00
00
00
00
00
00
00
00
// 0x00001fa0
00
00
00
00
00
00
00
00
00
00
00
00
00
00
00
00
// 0x00001fb0
00
00
00
00
00
00
00
00
00
00
00
00
00
00
00
00
// 0x00001fc0
00
00
00
00
00
00
00
00
00
00
00
00
00
00
00
00
// 0x00001fd0
00
00
00
00
00
00
00
00
00
00
00
00
00
00
00
00
// 0x00001fe0
00
00
00
00
00
00
00
00
00
00
00
00
00
00
00
00
// 0x00001ff0
00
00
00
00
00
00
00
00
00
00
00
00
00
00
00
00
// 0x00002000
00
00
00
00
00
00
00
00
00
00
00
00
00
00
00
00
// 0x00002010
00
00
00
00
00
00
00
00
00
00
00
00
00
00
00
00
// 0x00002020
00
00
00
00
00
00
00
00
00
00
00
00
00
00
00
00
// 0x00002030
00
00
00
00
00
00
00
00
00
00
00
00
00
00
00
00
// 0x00002040
00
00
00
00
00
00
00
00
00
00
00
00
00
00
00
00
// 0x00002050
00
00
00
00
00
00
00
00
00
00
00
00
00
00
00
00
// 0x00002060
00
00
00
00
00
00
00
00
00
00
00
00
00
00
00
00
// 0x00002070
00
00
00
00
00
00
00
00
00
00
00
00
00
00
00
00
// 0x00002080
00
00
00
00
00
00
00
00
00
00
00
00
00
00
00
00
// 0x00002090
00
00
00
00
00
00
00
00
00
00
00
00
00
00
00
00
// 0x000020a0
00
00
00
00
00
00
00
00
00
00
00
00
00
00
00
00
// 0x000020b0
00
00
00
00
00
00
00
00
00
00
00
00
00
00
00
00
// 0x000020c0
00
00
00
00
00
00
00
00
00
00
00
00
00
00
00
00
// 0x000020d0
00
00
00
00
00
00
00
00
00
00
00
00
00
00
00
00
// 0x000020e0
00
00
00
00
00
00
00
00
00
00
00
00
00
00
00
00
// 0x000020f0
00
00
00
00
00
00
00
00
00
00
00
00
00
00
00
00
// 0x00002100
00
00
00
00
00
00
00
00
00
00
00
00
00
00
00
00
// 0x00002110
00
00
00
00
00
00
00
00
00
00
00
00
00
00
00
00
// 0x00002120
00
00
00
00
00
00
00
00
00
00
00
00
00
00
00
00
// 0x00002130
00
00
00
00
00
00
00
00
00
00
00
00
00
00
00
00
// 0x00002140
00
00
00
00
00
00
00
00
00
00
00
00
00
00
00
00
// 0x00002150
00
00
00
00
00
00
00
00
00
00
00
00
00
00
00
00
// 0x00002160
00
00
00
00
00
00
00
00
00
00
00
00
00
00
00
00
// 0x00002170
00
00
00
00
00
00
00
00
00
00
00
00
00
00
00
00
// 0x00002180
00
00
00
00
00
00
00
00
00
00
00
00
00
00
00
00
// 0x00002190
00
00
00
00
00
00
00
00
00
00
00
00
00
00
00
00
// 0x000021a0
00
00
00
00
00
00
00
00
00
00
00
00
00
00
00
00
// 0x000021b0
00
00
00
00
00
00
00
00
00
00
00
00
00
00
00
00
// 0x000021c0
00
00
00
00
00
00
00
00
00
00
00
00
00
00
00
00
// 0x000021d0
00
00
00
00
00
00
00
00
00
00
00
00
00
00
00
00
// 0x000021e0
00
00
00
00
00
00
00
00
00
00
00
00
00
00
00
00
// 0x000021f0
00
00
00
00
00
00
00
00
00
00
00
00
00
00
00
00
// 0x00002200
00
00
00
00
00
00
00
00
00
00
00
00
00
00
00
00
// 0x00002210
00
00
00
00
00
00
00
00
00
00
00
00
00
00
00
00
// 0x00002220
00
00
00
00
00
00
00
00
00
00
00
00
00
00
00
00
// 0x00002230
00
00
00
00
00
00
00
00
00
00
00
00
00
00
00
00
// 0x00002240
00
00
00
00
00
00
00
00
00
00
00
00
00
00
00
00
// 0x00002250
00
00
00
00
00
00
00
00
00
00
00
00
00
00
00
00
// 0x00002260
00
00
00
00
00
00
00
00
00
00
00
00
00
00
00
00
// 0x00002270
00
00
00
00
00
00
00
00
00
00
00
00
00
00
00
00
// 0x00002280
00
00
00
00
00
00
00
00
00
00
00
00
00
00
00
00
// 0x00002290
00
00
00
00
00
00
00
00
00
00
00
00
00
00
00
00
// 0x000022a0
00
00
00
00
00
00
00
00
00
00
00
00
00
00
00
00
// 0x000022b0
00
00
00
00
00
00
00
00
00
00
00
00
00
00
00
00
// 0x000022c0
00
00
00
00
00
00
00
00
00
00
00
00
00
00
00
00
// 0x000022d0
00
00
00
00
00
00
00
00
00
00
00
00
00
00
00
00
// 0x000022e0
00
00
00
00
00
00
00
00
00
00
00
00
00
00
00
00
// 0x000022f0
00
00
00
00
00
00
00
00
00
00
00
00
00
00
00
00
// 0x00002300
00
00
00
00
00
00
00
00
00
00
00
00
00
00
00
00
// 0x00002310
00
00
00
00
00
00
00
00
00
00
00
00
00
00
00
00
// 0x00002320
00
00
00
00
00
00
00
00
00
00
00
00
00
00
00
00
// 0x00002330
00
00
00
00
00
00
00
00
00
00
00
00
00
00
00
00
// 0x00002340
00
00
00
00
00
00
00
00
00
00
00
00
00
00
00
00
// 0x00002350
00
00
00
00
00
00
00
00
00
00
00
00
00
00
00
00
// 0x00002360
00
00
00
00
00
00
00
00
00
00
00
00
00
00
00
00
// 0x00002370
00
00
00
00
00
00
00
00
00
00
00
00
00
00
00
00
// 0x00002380
00
00
00
00
00
00
00
00
00
00
00
00
00
00
00
00
// 0x00002390
00
00
00
00
00
00
00
00
00
00
00
00
00
00
00
00
// 0x000023a0
00
00
00
00
00
00
00
00
00
00
00
00
00
00
00
00
// 0x000023b0
00
00
00
00
00
00
00
00
00
00
00
00
00
00
00
00
// 0x000023c0
00
00
00
00
00
00
00
00
00
00
00
00
00
00
00
00
// 0x000023d0
00
00
00
00
00
00
00
00
00
00
00
00
00
00
00
00
// 0x000023e0
00
00
00
00
00
00
00
00
00
00
00
00
00
00
00
00
// 0x000023f0
00
00
00
00
00
00
00
00
00
00
00
00
00
00
00
00
// 0x00002400
00
00
00
00
00
00
00
00
00
00
00
00
00
00
00
00
// 0x00002410
00
00
00
00
00
00
00
00
00
00
00
00
00
00
00
00
// 0x00002420
00
00
00
00
00
00
00
00
00
00
00
00
00
00
00
00
// 0x00002430
00
00
00
00
00
00
00
00
00
00
00
00
00
00
00
00
// 0x00002440
00
00
00
00
00
00
00
00
00
00
00
00
00
00
00
00
// 0x00002450
00
00
00
00
00
00
00
00
00
00
00
00
00
00
00
00
// 0x00002460
00
00
00
00
00
00
00
00
00
00
00
00
00
00
00
00
// 0x00002470
00
00
00
00
00
00
00
00
00
00
00
00
00
00
00
00
// 0x00002480
00
00
00
00
00
00
00
00
00
00
00
00
00
00
00
00
// 0x00002490
00
00
00
00
00
00
00
00
00
00
00
00
00
00
00
00
// 0x000024a0
00
00
00
00
00
00
00
00
00
00
00
00
00
00
00
00
// 0x000024b0
00
00
00
00
00
00
00
00
00
00
00
00
00
00
00
00
// 0x000024c0
00
00
00
00
00
00
00
00
00
00
00
00
00
00
00
00
// 0x000024d0
00
00
00
00
00
00
00
00
00
00
00
00
00
00
00
00
// 0x000024e0
00
00
00
00
00
00
00
00
00
00
00
00
00
00
00
00
// 0x000024f0
00
00
00
00
00
00
00
00
00
00
00
00
00
00
00
00
// 0x00002500
00
00
00
00
00
00
00
00
00
00
00
00
00
00
00
00
// 0x00002510
00
00
00
00
00
00
00
00
00
00
00
00
00
00
00
00
// 0x00002520
00
00
00
00
00
00
00
00
00
00
00
00
00
00
00
00
// 0x00002530
00
00
00
00
00
00
00
00
00
00
00
00
00
00
00
00
// 0x00002540
00
00
00
00
00
00
00
00
00
00
00
00
00
00
00
00
// 0x00002550
00
00
00
00
00
00
00
00
00
00
00
00
00
00
00
00
// 0x00002560
00
00
00
00
00
00
00
00
00
00
00
00
00
00
00
00
// 0x00002570
00
00
00
00
00
00
00
00
00
00
00
00
00
00
00
00
// 0x00002580
00
00
00
00
00
00
00
00
00
00
00
00
00
00
00
00
// 0x00002590
00
00
00
00
00
00
00
00
00
00
00
00
00
00
00
00
// 0x000025a0
00
00
00
00
00
00
00
00
00
00
00
00
00
00
00
00
// 0x000025b0
00
00
00
00
00
00
00
00
00
00
00
00
00
00
00
00
// 0x000025c0
00
00
00
00
00
00
00
00
00
00
00
00
00
00
00
00
// 0x000025d0
00
00
00
00
00
00
00
00
00
00
00
00
00
00
00
00
// 0x000025e0
00
00
00
00
00
00
00
00
00
00
00
00
00
00
00
00
// 0x000025f0
00
00
00
00
00
00
00
00
00
00
00
00
00
00
00
00
// 0x00002600
00
00
00
00
00
00
00
00
00
00
00
00
00
00
00
00
// 0x00002610
00
00
00
00
00
00
00
00
00
00
00
00
00
00
00
00
// 0x00002620
00
00
00
00
00
00
00
00
00
00
00
00
00
00
00
00
// 0x00002630
00
00
00
00
00
00
00
00
00
00
00
00
00
00
00
00
// 0x00002640
00
00
00
00
00
00
00
00
00
00
00
00
00
00
00
00
// 0x00002650
00
00
00
00
00
00
00
00
00
00
00
00
00
00
00
00
// 0x00002660
00
00
00
00
00
00
00
00
00
00
00
00
00
00
00
00
// 0x00002670
00
00
00
00
00
00
00
00
00
00
00
00
00
00
00
00
// 0x00002680
00
00
00
00
00
00
00
00
00
00
00
00
00
00
00
00
// 0x00002690
00
00
00
00
00
00
00
00
00
00
00
00
00
00
00
00
// 0x000026a0
00
00
00
00
00
00
00
00
00
00
00
00
00
00
00
00
// 0x000026b0
00
00
00
00
00
00
00
00
00
00
00
00
00
00
00
00
// 0x000026c0
00
00
00
00
00
00
00
00
00
00
00
00
00
00
00
00
// 0x000026d0
00
00
00
00
00
00
00
00
00
00
00
00
00
00
00
00
// 0x000026e0
00
00
00
00
00
00
00
00
00
00
00
00
00
00
00
00
// 0x000026f0
00
00
00
00
00
00
00
00
00
00
00
00
00
00
00
00
// 0x00002700
00
00
00
00
00
00
00
00
00
00
00
00
00
00
00
00
// 0x00002710
00
00
00
00
00
00
00
00
00
00
00
00
00
00
00
00
// 0x00002720
00
00
00
00
00
00
00
00
00
00
00
00
00
00
00
00
// 0x00002730
00
00
00
00
00
00
00
00
00
00
00
00
00
00
00
00
// 0x00002740
00
00
00
00
00
00
00
00
00
00
00
00
00
00
00
00
// 0x00002750
00
00
00
00
00
00
00
00
00
00
00
00
00
00
00
00
// 0x00002760
00
00
00
00
00
00
00
00
00
00
00
00
00
00
00
00
// 0x00002770
00
00
00
00
00
00
00
00
00
00
00
00
00
00
00
00
// 0x00002780
00
00
00
00
00
00
00
00
00
00
00
00
00
00
00
00
// 0x00002790
00
00
00
00
00
00
00
00
00
00
00
00
00
00
00
00
// 0x000027a0
00
00
00
00
00
00
00
00
00
00
00
00
00
00
00
00
// 0x000027b0
00
00
00
00
00
00
00
00
00
00
00
00
00
00
00
00
// 0x000027c0
00
00
00
00
00
00
00
00
00
00
00
00
00
00
00
00
// 0x000027d0
00
00
00
00
00
00
00
00
00
00
00
00
00
00
00
00
// 0x000027e0
00
00
00
00
00
00
00
00
00
00
00
00
00
00
00
00
// 0x000027f0
00
00
00
00
00
00
00
00
00
00
00
00
00
00
00
00
// 0x00002800
00
00
00
00
00
00
00
00
00
00
00
00
00
00
00
00
// 0x00002810
00
00
00
00
00
00
00
00
00
00
00
00
00
00
00
00
// 0x00002820
00
00
00
00
00
00
00
00
00
00
00
00
00
00
00
00
// 0x00002830
00
00
00
00
00
00
00
00
00
00
00
00
00
00
00
00
// 0x00002840
00
00
00
00
00
00
00
00
00
00
00
00
00
00
00
00
// 0x00002850
00
00
00
00
00
00
00
00
00
00
00
00
00
00
00
00
// 0x00002860
00
00
00
00
00
00
00
00
00
00
00
00
00
00
00
00
// 0x00002870
00
00
00
00
00
00
00
00
00
00
00
00
00
00
00
00
// 0x00002880
00
00
00
00
00
00
00
00
00
00
00
00
00
00
00
00
// 0x00002890
00
00
00
00
00
00
00
00
00
00
00
00
00
00
00
00
// 0x000028a0
00
00
00
00
00
00
00
00
00
00
00
00
00
00
00
00
// 0x000028b0
00
00
00
00
00
00
00
00
00
00
00
00
00
00
00
00
// 0x000028c0
00
00
00
00
00
00
00
00
00
00
00
00
00
00
00
00
// 0x000028d0
00
00
00
00
00
00
00
00
00
00
00
00
00
00
00
00
// 0x000028e0
00
00
00
00
00
00
00
00
00
00
00
00
00
00
00
00
// 0x000028f0
00
00
00
00
00
00
00
00
00
00
00
00
00
00
00
00
// 0x00002900
00
00
00
00
00
00
00
00
00
00
00
00
00
00
00
00
// 0x00002910
00
00
00
00
00
00
00
00
00
00
00
00
00
00
00
00
// 0x00002920
00
00
00
00
00
00
00
00
00
00
00
00
00
00
00
00
// 0x00002930
00
00
00
00
00
00
00
00
00
00
00
00
00
00
00
00
// 0x00002940
00
00
00
00
00
00
00
00
00
00
00
00
00
00
00
00
// 0x00002950
00
00
00
00
00
00
00
00
00
00
00
00
00
00
00
00
// 0x00002960
00
00
00
00
00
00
00
00
00
00
00
00
00
00
00
00
// 0x00002970
00
00
00
00
00
00
00
00
00
00
00
00
00
00
00
00
// 0x00002980
00
00
00
00
00
00
00
00
00
00
00
00
00
00
00
00
// 0x00002990
00
00
00
00
00
00
00
00
00
00
00
00
00
00
00
00
// 0x000029a0
00
00
00
00
00
00
00
00
00
00
00
00
00
00
00
00
// 0x000029b0
00
00
00
00
00
00
00
00
00
00
00
00
00
00
00
00
// 0x000029c0
00
00
00
00
00
00
00
00
00
00
00
00
00
00
00
00
// 0x000029d0
00
00
00
00
00
00
00
00
00
00
00
00
00
00
00
00
// 0x000029e0
00
00
00
00
00
00
00
00
00
00
00
00
00
00
00
00
// 0x000029f0
00
00
00
00
00
00
00
00
00
00
00
00
00
00
00
00
// 0x00002a00
00
00
00
00
00
00
00
00
00
00
00
00
00
00
00
00
// 0x00002a10
00
00
00
00
00
00
00
00
00
00
00
00
00
00
00
00
// 0x00002a20
00
00
00
00
00
00
00
00
00
00
00
00
00
00
00
00
// 0x00002a30
00
00
00
00
00
00
00
00
00
00
00
00
00
00
00
00
// 0x00002a40
00
00
00
00
00
00
00
00
00
00
00
00
00
00
00
00
// 0x00002a50
00
00
00
00
00
00
00
00
00
00
00
00
00
00
00
00
// 0x00002a60
00
00
00
00
00
00
00
00
00
00
00
00
00
00
00
00
// 0x00002a70
00
00
00
00
00
00
00
00
00
00
00
00
00
00
00
00
// 0x00002a80
00
00
00
00
00
00
00
00
00
00
00
00
00
00
00
00
// 0x00002a90
00
00
00
00
00
00
00
00
00
00
00
00
00
00
00
00
// 0x00002aa0
00
00
00
00
00
00
00
00
00
00
00
00
00
00
00
00
// 0x00002ab0
00
00
00
00
00
00
00
00
00
00
00
00
00
00
00
00
// 0x00002ac0
00
00
00
00
00
00
00
00
00
00
00
00
00
00
00
00
// 0x00002ad0
00
00
00
00
00
00
00
00
00
00
00
00
00
00
00
00
// 0x00002ae0
00
00
00
00
00
00
00
00
00
00
00
00
00
00
00
00
// 0x00002af0
00
00
00
00
00
00
00
00
00
00
00
00
00
00
00
00
// 0x00002b00
00
00
00
00
00
00
00
00
00
00
00
00
00
00
00
00
// 0x00002b10
00
00
00
00
00
00
00
00
00
00
00
00
00
00
00
00
// 0x00002b20
00
00
00
00
00
00
00
00
00
00
00
00
00
00
00
00
// 0x00002b30
00
00
00
00
00
00
00
00
00
00
00
00
00
00
00
00
// 0x00002b40
00
00
00
00
00
00
00
00
00
00
00
00
00
00
00
00
// 0x00002b50
00
00
00
00
00
00
00
00
00
00
00
00
00
00
00
00
// 0x00002b60
00
00
00
00
00
00
00
00
00
00
00
00
00
00
00
00
// 0x00002b70
00
00
00
00
00
00
00
00
00
00
00
00
00
00
00
00
// 0x00002b80
00
00
00
00
00
00
00
00
00
00
00
00
00
00
00
00
// 0x00002b90
00
00
00
00
00
00
00
00
00
00
00
00
00
00
00
00
// 0x00002ba0
00
00
00
00
00
00
00
00
00
00
00
00
00
00
00
00
// 0x00002bb0
00
00
00
00
00
00
00
00
00
00
00
00
00
00
00
00
// 0x00002bc0
00
00
00
00
00
00
00
00
00
00
00
00
00
00
00
00
// 0x00002bd0
00
00
00
00
00
00
00
00
00
00
00
00
00
00
00
00
// 0x00002be0
00
00
00
00
00
00
00
00
00
00
00
00
00
00
00
00
// 0x00002bf0
00
00
00
00
00
00
00
00
00
00
00
00
00
00
00
00
// 0x00002c00
00
00
00
00
00
00
00
00
00
00
00
00
00
00
00
00
// 0x00002c10
00
00
00
00
00
00
00
00
00
00
00
00
00
00
00
00
// 0x00002c20
00
00
00
00
00
00
00
00
00
00
00
00
00
00
00
00
// 0x00002c30
00
00
00
00
00
00
00
00
00
00
00
00
00
00
00
00
// 0x00002c40
00
00
00
00
00
00
00
00
00
00
00
00
00
00
00
00
// 0x00002c50
00
00
00
00
00
00
00
00
00
00
00
00
00
00
00
00
// 0x00002c60
00
00
00
00
00
00
00
00
00
00
00
00
00
00
00
00
// 0x00002c70
00
00
00
00
00
00
00
00
00
00
00
00
00
00
00
00
// 0x00002c80
00
00
00
00
00
00
00
00
00
00
00
00
00
00
00
00
// 0x00002c90
00
00
00
00
00
00
00
00
00
00
00
00
00
00
00
00
// 0x00002ca0
00
00
00
00
00
00
00
00
00
00
00
00
00
00
00
00
// 0x00002cb0
00
00
00
00
00
00
00
00
00
00
00
00
00
00
00
00
// 0x00002cc0
00
00
00
00
00
00
00
00
00
00
00
00
00
00
00
00
// 0x00002cd0
00
00
00
00
00
00
00
00
00
00
00
00
00
00
00
00
// 0x00002ce0
00
00
00
00
00
00
00
00
00
00
00
00
00
00
00
00
// 0x00002cf0
00
00
00
00
00
00
00
00
00
00
00
00
00
00
00
00
// 0x00002d00
00
00
00
00
00
00
00
00
00
00
00
00
00
00
00
00
// 0x00002d10
00
00
00
00
00
00
00
00
00
00
00
00
00
00
00
00
// 0x00002d20
00
00
00
00
00
00
00
00
00
00
00
00
00
00
00
00
// 0x00002d30
00
00
00
00
00
00
00
00
00
00
00
00
00
00
00
00
// 0x00002d40
00
00
00
00
00
00
00
00
00
00
00
00
00
00
00
00
// 0x00002d50
00
00
00
00
00
00
00
00
00
00
00
00
00
00
00
00
// 0x00002d60
00
00
00
00
00
00
00
00
00
00
00
00
00
00
00
00
// 0x00002d70
00
00
00
00
00
00
00
00
00
00
00
00
00
00
00
00
// 0x00002d80
00
00
00
00
00
00
00
00
00
00
00
00
00
00
00
00
// 0x00002d90
00
00
00
00
00
00
00
00
00
00
00
00
00
00
00
00
// 0x00002da0
00
00
00
00
00
00
00
00
00
00
00
00
00
00
00
00
// 0x00002db0
00
00
00
00
00
00
00
00
00
00
00
00
00
00
00
00
// 0x00002dc0
00
00
00
00
00
00
00
00
00
00
00
00
00
00
00
00
// 0x00002dd0
00
00
00
00
00
00
00
00
00
00
00
00
00
00
00
00
// 0x00002de0
00
00
00
00
00
00
00
00
00
00
00
00
00
00
00
00
// 0x00002df0
00
00
00
00
00
00
00
00
00
00
00
00
00
00
00
00
// 0x00002e00
00
00
00
00
00
00
00
00
00
00
00
00
00
00
00
00
// 0x00002e10
00
00
00
00
00
00
00
00
00
00
00
00
00
00
00
00
// 0x00002e20
00
00
00
00
00
00
00
00
00
00
00
00
00
00
00
00
// 0x00002e30
00
00
00
00
00
00
00
00
00
00
00
00
00
00
00
00
// 0x00002e40
00
00
00
00
00
00
00
00
00
00
00
00
00
00
00
00
// 0x00002e50
00
00
00
00
00
00
00
00
00
00
00
00
00
00
00
00
// 0x00002e60
00
00
00
00
00
00
00
00
00
00
00
00
00
00
00
00
// 0x00002e70
00
00
00
00
00
00
00
00
00
00
00
00
00
00
00
00
// 0x00002e80
00
00
00
00
00
00
00
00
00
00
00
00
00
00
00
00
// 0x00002e90
00
00
00
00
00
00
00
00
00
00
00
00
00
00
00
00
// 0x00002ea0
00
00
00
00
00
00
00
00
00
00
00
00
00
00
00
00
// 0x00002eb0
00
00
00
00
00
00
00
00
00
00
00
00
00
00
00
00
// 0x00002ec0
00
00
00
00
00
00
00
00
00
00
00
00
00
00
00
00
// 0x00002ed0
00
00
00
00
00
00
00
00
00
00
00
00
00
00
00
00
// 0x00002ee0
00
00
00
00
00
00
00
00
00
00
00
00
00
00
00
00
// 0x00002ef0
00
00
00
00
00
00
00
00
00
00
00
00
00
00
00
00
// 0x00002f00
00
00
00
00
00
00
00
00
00
00
00
00
00
00
00
00
// 0x00002f10
00
00
00
00
00
00
00
00
00
00
00
00
00
00
00
00
// 0x00002f20
00
00
00
00
00
00
00
00
00
00
00
00
00
00
00
00
// 0x00002f30
00
00
00
00
00
00
00
00
00
00
00
00
00
00
00
00
// 0x00002f40
00
00
00
00
00
00
00
00
00
00
00
00
00
00
00
00
// 0x00002f50
00
00
00
00
00
00
00
00
00
00
00
00
00
00
00
00
// 0x00002f60
00
00
00
00
00
00
00
00
00
00
00
00
00
00
00
00
// 0x00002f70
00
00
00
00
00
00
00
00
00
00
00
00
00
00
00
00
// 0x00002f80
00
00
00
00
00
00
00
00
00
00
00
00
00
00
00
00
// 0x00002f90
00
00
00
00
00
00
00
00
00
00
00
00
00
00
00
00
// 0x00002fa0
00
00
00
00
00
00
00
00
00
00
00
00
00
00
00
00
// 0x00002fb0
00
00
00
00
00
00
00
00
00
00
00
00
00
00
00
00
// 0x00002fc0
00
00
00
00
00
00
00
00
00
00
00
00
00
00
00
00
// 0x00002fd0
00
00
00
00
00
00
00
00
00
00
00
00
00
00
00
00
// 0x00002fe0
00
00
00
00
00
00
00
00
00
00
00
00
00
00
00
00
// 0x00002ff0
00
00
00
00
00
00
00
00
00
00
00
00
00
00
00
00
// 0x00003000
00
00
00
00
00
00
00
00
00
00
00
00
00
00
00
00
// 0x00003010
00
00
00
00
00
00
00
00
00
00
00
00
00
00
00
00
// 0x00003020
00
00
00
00
00
00
00
00
00
00
00
00
00
00
00
00
// 0x00003030
00
00
00
00
00
00
00
00
00
00
00
00
00
00
00
00
// 0x00003040
00
00
00
00
00
00
00
00
00
00
00
00
00
00
00
00
// 0x00003050
00
00
00
00
00
00
00
00
00
00
00
00
00
00
00
00
// 0x00003060
00
00
00
00
00
00
00
00
00
00
00
00
00
00
00
00
// 0x00003070
00
00
00
00
00
00
00
00
00
00
00
00
00
00
00
00
// 0x00003080
00
00
00
00
00
00
00
00
00
00
00
00
00
00
00
00
// 0x00003090
00
00
00
00
00
00
00
00
00
00
00
00
00
00
00
00
// 0x000030a0
00
00
00
00
00
00
00
00
00
00
00
00
00
00
00
00
// 0x000030b0
00
00
00
00
00
00
00
00
00
00
00
00
00
00
00
00
// 0x000030c0
00
00
00
00
00
00
00
00
00
00
00
00
00
00
00
00
// 0x000030d0
00
00
00
00
00
00
00
00
00
00
00
00
00
00
00
00
// 0x000030e0
00
00
00
00
00
00
00
00
00
00
00
00
00
00
00
00
// 0x000030f0
00
00
00
00
00
00
00
00
00
00
00
00
00
00
00
00
// 0x00003100
00
00
00
00
00
00
00
00
00
00
00
00
00
00
00
00
// 0x00003110
00
00
00
00
00
00
00
00
00
00
00
00
00
00
00
00
// 0x00003120
00
00
00
00
00
00
00
00
00
00
00
00
00
00
00
00
// 0x00003130
00
00
00
00
00
00
00
00
00
00
00
00
00
00
00
00
// 0x00003140
00
00
00
00
00
00
00
00
00
00
00
00
00
00
00
00
// 0x00003150
00
00
00
00
00
00
00
00
00
00
00
00
00
00
00
00
// 0x00003160
00
00
00
00
00
00
00
00
00
00
00
00
00
00
00
00
// 0x00003170
00
00
00
00
00
00
00
00
00
00
00
00
00
00
00
00
// 0x00003180
00
00
00
00
00
00
00
00
00
00
00
00
00
00
00
00
// 0x00003190
00
00
00
00
00
00
00
00
00
00
00
00
00
00
00
00
// 0x000031a0
00
00
00
00
00
00
00
00
00
00
00
00
00
00
00
00
// 0x000031b0
00
00
00
00
00
00
00
00
00
00
00
00
00
00
00
00
// 0x000031c0
00
00
00
00
00
00
00
00
00
00
00
00
00
00
00
00
// 0x000031d0
00
00
00
00
00
00
00
00
00
00
00
00
00
00
00
00
// 0x000031e0
00
00
00
00
00
00
00
00
00
00
00
00
00
00
00
00
// 0x000031f0
00
00
00
00
00
00
00
00
00
00
00
00
00
00
00
00
// 0x00003200
00
00
00
00
00
00
00
00
00
00
00
00
00
00
00
00
// 0x00003210
00
00
00
00
00
00
00
00
00
00
00
00
00
00
00
00
// 0x00003220
00
00
00
00
00
00
00
00
00
00
00
00
00
00
00
00
// 0x00003230
00
00
00
00
00
00
00
00
00
00
00
00
00
00
00
00
// 0x00003240
00
00
00
00
00
00
00
00
00
00
00
00
00
00
00
00
// 0x00003250
00
00
00
00
00
00
00
00
00
00
00
00
00
00
00
00
// 0x00003260
00
00
00
00
00
00
00
00
00
00
00
00
00
00
00
00
// 0x00003270
00
00
00
00
00
00
00
00
00
00
00
00
00
00
00
00
// 0x00003280
00
00
00
00
00
00
00
00
00
00
00
00
00
00
00
00
// 0x00003290
00
00
00
00
00
00
00
00
00
00
00
00
00
00
00
00
// 0x000032a0
00
00
00
00
00
00
00
00
00
00
00
00
00
00
00
00
// 0x000032b0
00
00
00
00
00
00
00
00
00
00
00
00
00
00
00
00
// 0x000032c0
00
00
00
00
00
00
00
00
00
00
00
00
00
00
00
00
// 0x000032d0
00
00
00
00
00
00
00
00
00
00
00
00
00
00
00
00
// 0x000032e0
00
00
00
00
00
00
00
00
00
00
00
00
00
00
00
00
// 0x000032f0
00
00
00
00
00
00
00
00
00
00
00
00
00
00
00
00
// 0x00003300
00
00
00
00
00
00
00
00
00
00
00
00
00
00
00
00
// 0x00003310
00
00
00
00
00
00
00
00
00
00
00
00
00
00
00
00
// 0x00003320
00
00
00
00
00
00
00
00
00
00
00
00
00
00
00
00
// 0x00003330
00
00
00
00
00
00
00
00
00
00
00
00
00
00
00
00
// 0x00003340
00
00
00
00
00
00
00
00
00
00
00
00
00
00
00
00
// 0x00003350
00
00
00
00
00
00
00
00
00
00
00
00
00
00
00
00
// 0x00003360
00
00
00
00
00
00
00
00
00
00
00
00
00
00
00
00
// 0x00003370
00
00
00
00
00
00
00
00
00
00
00
00
00
00
00
00
// 0x00003380
00
00
00
00
00
00
00
00
00
00
00
00
00
00
00
00
// 0x00003390
00
00
00
00
00
00
00
00
00
00
00
00
00
00
00
00
// 0x000033a0
00
00
00
00
00
00
00
00
00
00
00
00
00
00
00
00
// 0x000033b0
00
00
00
00
00
00
00
00
00
00
00
00
00
00
00
00
// 0x000033c0
00
00
00
00
00
00
00
00
00
00
00
00
00
00
00
00
// 0x000033d0
00
00
00
00
00
00
00
00
00
00
00
00
00
00
00
00
// 0x000033e0
00
00
00
00
00
00
00
00
00
00
00
00
00
00
00
00
// 0x000033f0
00
00
00
00
00
00
00
00
00
00
00
00
00
00
00
00
// 0x00003400
00
00
00
00
00
00
00
00
00
00
00
00
00
00
00
00
// 0x00003410
00
00
00
00
00
00
00
00
00
00
00
00
00
00
00
00
// 0x00003420
00
00
00
00
00
00
00
00
00
00
00
00
00
00
00
00
// 0x00003430
00
00
00
00
00
00
00
00
00
00
00
00
00
00
00
00
// 0x00003440
00
00
00
00
00
00
00
00
00
00
00
00
00
00
00
00
// 0x00003450
00
00
00
00
00
00
00
00
00
00
00
00
00
00
00
00
// 0x00003460
00
00
00
00
00
00
00
00
00
00
00
00
00
00
00
00
// 0x00003470
00
00
00
00
00
00
00
00
00
00
00
00
00
00
00
00
// 0x00003480
00
00
00
00
00
00
00
00
00
00
00
00
00
00
00
00
// 0x00003490
00
00
00
00
00
00
00
00
00
00
00
00
00
00
00
00
// 0x000034a0
00
00
00
00
00
00
00
00
00
00
00
00
00
00
00
00
// 0x000034b0
00
00
00
00
00
00
00
00
00
00
00
00
00
00
00
00
// 0x000034c0
00
00
00
00
00
00
00
00
00
00
00
00
00
00
00
00
// 0x000034d0
00
00
00
00
00
00
00
00
00
00
00
00
00
00
00
00
// 0x000034e0
00
00
00
00
00
00
00
00
00
00
00
00
00
00
00
00
// 0x000034f0
00
00
00
00
00
00
00
00
00
00
00
00
00
00
00
00
// 0x00003500
00
00
00
00
00
00
00
00
00
00
00
00
00
00
00
00
// 0x00003510
00
00
00
00
00
00
00
00
00
00
00
00
00
00
00
00
// 0x00003520
00
00
00
00
00
00
00
00
00
00
00
00
00
00
00
00
// 0x00003530
00
00
00
00
00
00
00
00
00
00
00
00
00
00
00
00
// 0x00003540
00
00
00
00
00
00
00
00
00
00
00
00
00
00
00
00
// 0x00003550
00
00
00
00
00
00
00
00
00
00
00
00
00
00
00
00
// 0x00003560
00
00
00
00
00
00
00
00
00
00
00
00
00
00
00
00
// 0x00003570
00
00
00
00
00
00
00
00
00
00
00
00
00
00
00
00
// 0x00003580
00
00
00
00
00
00
00
00
00
00
00
00
00
00
00
00
// 0x00003590
00
00
00
00
00
00
00
00
00
00
00
00
00
00
00
00
// 0x000035a0
00
00
00
00
00
00
00
00
00
00
00
00
00
00
00
00
// 0x000035b0
00
00
00
00
00
00
00
00
00
00
00
00
00
00
00
00
// 0x000035c0
00
00
00
00
00
00
00
00
00
00
00
00
00
00
00
00
// 0x000035d0
00
00
00
00
00
00
00
00
00
00
00
00
00
00
00
00
// 0x000035e0
00
00
00
00
00
00
00
00
00
00
00
00
00
00
00
00
// 0x000035f0
00
00
00
00
00
00
00
00
00
00
00
00
00
00
00
00
// 0x00003600
00
00
00
00
00
00
00
00
00
00
00
00
00
00
00
00
// 0x00003610
00
00
00
00
00
00
00
00
00
00
00
00
00
00
00
00
// 0x00003620
00
00
00
00
00
00
00
00
00
00
00
00
00
00
00
00
// 0x00003630
00
00
00
00
00
00
00
00
00
00
00
00
00
00
00
00
// 0x00003640
00
00
00
00
00
00
00
00
00
00
00
00
00
00
00
00
// 0x00003650
00
00
00
00
00
00
00
00
00
00
00
00
00
00
00
00
// 0x00003660
00
00
00
00
00
00
00
00
00
00
00
00
00
00
00
00
// 0x00003670
00
00
00
00
00
00
00
00
00
00
00
00
00
00
00
00
// 0x00003680
00
00
00
00
00
00
00
00
00
00
00
00
00
00
00
00
// 0x00003690
00
00
00
00
00
00
00
00
00
00
00
00
00
00
00
00
// 0x000036a0
00
00
00
00
00
00
00
00
00
00
00
00
00
00
00
00
// 0x000036b0
00
00
00
00
00
00
00
00
00
00
00
00
00
00
00
00
// 0x000036c0
00
00
00
00
00
00
00
00
00
00
00
00
00
00
00
00
// 0x000036d0
00
00
00
00
00
00
00
00
00
00
00
00
00
00
00
00
// 0x000036e0
00
00
00
00
00
00
00
00
00
00
00
00
00
00
00
00
// 0x000036f0
00
00
00
00
00
00
00
00
00
00
00
00
00
00
00
00
// 0x00003700
00
00
00
00
00
00
00
00
00
00
00
00
00
00
00
00
// 0x00003710
00
00
00
00
00
00
00
00
00
00
00
00
00
00
00
00
// 0x00003720
00
00
00
00
00
00
00
00
00
00
00
00
00
00
00
00
// 0x00003730
00
00
00
00
00
00
00
00
00
00
00
00
00
00
00
00
// 0x00003740
00
00
00
00
00
00
00
00
00
00
00
00
00
00
00
00
// 0x00003750
00
00
00
00
00
00
00
00
00
00
00
00
00
00
00
00
// 0x00003760
00
00
00
00
00
00
00
00
00
00
00
00
00
00
00
00
// 0x00003770
00
00
00
00
00
00
00
00
00
00
00
00
00
00
00
00
// 0x00003780
00
00
00
00
00
00
00
00
00
00
00
00
00
00
00
00
// 0x00003790
00
00
00
00
00
00
00
00
00
00
00
00
00
00
00
00
// 0x000037a0
00
00
00
00
00
00
00
00
00
00
00
00
00
00
00
00
// 0x000037b0
00
00
00
00
00
00
00
00
00
00
00
00
00
00
00
00
// 0x000037c0
00
00
00
00
00
00
00
00
00
00
00
00
00
00
00
00
// 0x000037d0
00
00
00
00
00
00
00
00
00
00
00
00
00
00
00
00
// 0x000037e0
00
00
00
00
00
00
00
00
00
00
00
00
00
00
00
00
// 0x000037f0
00
00
00
00
00
00
00
00
00
00
00
00
00
00
00
00
// 0x00003800
00
00
00
00
00
00
00
00
00
00
00
00
00
00
00
00
// 0x00003810
00
00
00
00
00
00
00
00
00
00
00
00
00
00
00
00
// 0x00003820
00
00
00
00
00
00
00
00
00
00
00
00
00
00
00
00
// 0x00003830
00
00
00
00
00
00
00
00
00
00
00
00
00
00
00
00
// 0x00003840
00
00
00
00
00
00
00
00
00
00
00
00
00
00
00
00
// 0x00003850
00
00
00
00
00
00
00
00
00
00
00
00
00
00
00
00
// 0x00003860
00
00
00
00
00
00
00
00
00
00
00
00
00
00
00
00
// 0x00003870
00
00
00
00
00
00
00
00
00
00
00
00
00
00
00
00
// 0x00003880
00
00
00
00
00
00
00
00
00
00
00
00
00
00
00
00
// 0x00003890
00
00
00
00
00
00
00
00
00
00
00
00
00
00
00
00
// 0x000038a0
00
00
00
00
00
00
00
00
00
00
00
00
00
00
00
00
// 0x000038b0
00
00
00
00
00
00
00
00
00
00
00
00
00
00
00
00
// 0x000038c0
00
00
00
00
00
00
00
00
00
00
00
00
00
00
00
00
// 0x000038d0
00
00
00
00
00
00
00
00
00
00
00
00
00
00
00
00
// 0x000038e0
00
00
00
00
00
00
00
00
00
00
00
00
00
00
00
00
// 0x000038f0
00
00
00
00
00
00
00
00
00
00
00
00
00
00
00
00
// 0x00003900
00
00
00
00
00
00
00
00
00
00
00
00
00
00
00
00
// 0x00003910
00
00
00
00
00
00
00
00
00
00
00
00
00
00
00
00
// 0x00003920
00
00
00
00
00
00
00
00
00
00
00
00
00
00
00
00
// 0x00003930
00
00
00
00
00
00
00
00
00
00
00
00
00
00
00
00
// 0x00003940
00
00
00
00
00
00
00
00
00
00
00
00
00
00
00
00
// 0x00003950
00
00
00
00
00
00
00
00
00
00
00
00
00
00
00
00
// 0x00003960
00
00
00
00
00
00
00
00
00
00
00
00
00
00
00
00
// 0x00003970
00
00
00
00
00
00
00
00
00
00
00
00
00
00
00
00
// 0x00003980
00
00
00
00
00
00
00
00
00
00
00
00
00
00
00
00
// 0x00003990
00
00
00
00
00
00
00
00
00
00
00
00
00
00
00
00
// 0x000039a0
00
00
00
00
00
00
00
00
00
00
00
00
00
00
00
00
// 0x000039b0
00
00
00
00
00
00
00
00
00
00
00
00
00
00
00
00
// 0x000039c0
00
00
00
00
00
00
00
00
00
00
00
00
00
00
00
00
// 0x000039d0
00
00
00
00
00
00
00
00
00
00
00
00
00
00
00
00
// 0x000039e0
00
00
00
00
00
00
00
00
00
00
00
00
00
00
00
00
// 0x000039f0
00
00
00
00
00
00
00
00
00
00
00
00
00
00
00
00
// 0x00003a00
00
00
00
00
00
00
00
00
00
00
00
00
00
00
00
00
// 0x00003a10
00
00
00
00
00
00
00
00
00
00
00
00
00
00
00
00
// 0x00003a20
00
00
00
00
00
00
00
00
00
00
00
00
00
00
00
00
// 0x00003a30
00
00
00
00
00
00
00
00
00
00
00
00
00
00
00
00
// 0x00003a40
00
00
00
00
00
00
00
00
00
00
00
00
00
00
00
00
// 0x00003a50
00
00
00
00
00
00
00
00
00
00
00
00
00
00
00
00
// 0x00003a60
00
00
00
00
00
00
00
00
00
00
00
00
00
00
00
00
// 0x00003a70
00
00
00
00
00
00
00
00
00
00
00
00
00
00
00
00
// 0x00003a80
00
00
00
00
00
00
00
00
00
00
00
00
00
00
00
00
// 0x00003a90
00
00
00
00
00
00
00
00
00
00
00
00
00
00
00
00
// 0x00003aa0
00
00
00
00
00
00
00
00
00
00
00
00
00
00
00
00
// 0x00003ab0
00
00
00
00
00
00
00
00
00
00
00
00
00
00
00
00
// 0x00003ac0
00
00
00
00
00
00
00
00
00
00
00
00
00
00
00
00
// 0x00003ad0
00
00
00
00
00
00
00
00
00
00
00
00
00
00
00
00
// 0x00003ae0
00
00
00
00
00
00
00
00
00
00
00
00
00
00
00
00
// 0x00003af0
00
00
00
00
00
00
00
00
00
00
00
00
00
00
00
00
// 0x00003b00
00
00
00
00
00
00
00
00
00
00
00
00
00
00
00
00
// 0x00003b10
00
00
00
00
00
00
00
00
00
00
00
00
00
00
00
00
// 0x00003b20
00
00
00
00
00
00
00
00
00
00
00
00
00
00
00
00
// 0x00003b30
00
00
00
00
00
00
00
00
00
00
00
00
00
00
00
00
// 0x00003b40
00
00
00
00
00
00
00
00
00
00
00
00
00
00
00
00
// 0x00003b50
00
00
00
00
00
00
00
00
00
00
00
00
00
00
00
00
// 0x00003b60
00
00
00
00
00
00
00
00
00
00
00
00
00
00
00
00
// 0x00003b70
00
00
00
00
00
00
00
00
00
00
00
00
00
00
00
00
// 0x00003b80
00
00
00
00
00
00
00
00
00
00
00
00
00
00
00
00
// 0x00003b90
00
00
00
00
00
00
00
00
00
00
00
00
00
00
00
00
// 0x00003ba0
00
00
00
00
00
00
00
00
00
00
00
00
00
00
00
00
// 0x00003bb0
00
00
00
00
00
00
00
00
00
00
00
00
00
00
00
00
// 0x00003bc0
00
00
00
00
00
00
00
00
00
00
00
00
00
00
00
00
// 0x00003bd0
00
00
00
00
00
00
00
00
00
00
00
00
00
00
00
00
// 0x00003be0
00
00
00
00
00
00
00
00
00
00
00
00
00
00
00
00
// 0x00003bf0
00
00
00
00
00
00
00
00
00
00
00
00
00
00
00
00
// 0x00003c00
00
00
00
00
00
00
00
00
00
00
00
00
00
00
00
00
// 0x00003c10
00
00
00
00
00
00
00
00
00
00
00
00
00
00
00
00
// 0x00003c20
00
00
00
00
00
00
00
00
00
00
00
00
00
00
00
00
// 0x00003c30
00
00
00
00
00
00
00
00
00
00
00
00
00
00
00
00
// 0x00003c40
00
00
00
00
00
00
00
00
00
00
00
00
00
00
00
00
// 0x00003c50
00
00
00
00
00
00
00
00
00
00
00
00
00
00
00
00
// 0x00003c60
00
00
00
00
00
00
00
00
00
00
00
00
00
00
00
00
// 0x00003c70
00
00
00
00
00
00
00
00
00
00
00
00
00
00
00
00
// 0x00003c80
00
00
00
00
00
00
00
00
00
00
00
00
00
00
00
00
// 0x00003c90
00
00
00
00
00
00
00
00
00
00
00
00
00
00
00
00
// 0x00003ca0
00
00
00
00
00
00
00
00
00
00
00
00
00
00
00
00
// 0x00003cb0
00
00
00
00
00
00
00
00
00
00
00
00
00
00
00
00
// 0x00003cc0
00
00
00
00
00
00
00
00
00
00
00
00
00
00
00
00
// 0x00003cd0
00
00
00
00
00
00
00
00
00
00
00
00
00
00
00
00
// 0x00003ce0
00
00
00
00
00
00
00
00
00
00
00
00
00
00
00
00
// 0x00003cf0
00
00
00
00
00
00
00
00
00
00
00
00
00
00
00
00
// 0x00003d00
00
00
00
00
00
00
00
00
00
00
00
00
00
00
00
00
// 0x00003d10
00
00
00
00
00
00
00
00
00
00
00
00
00
00
00
00
// 0x00003d20
00
00
00
00
00
00
00
00
00
00
00
00
00
00
00
00
// 0x00003d30
00
00
00
00
00
00
00
00
00
00
00
00
00
00
00
00
// 0x00003d40
00
00
00
00
00
00
00
00
00
00
00
00
00
00
00
00
// 0x00003d50
00
00
00
00
00
00
00
00
00
00
00
00
00
00
00
00
// 0x00003d60
00
00
00
00
00
00
00
00
00
00
00
00
00
00
00
00
// 0x00003d70
00
00
00
00
00
00
00
00
00
00
00
00
00
00
00
00
// 0x00003d80
00
00
00
00
00
00
00
00
00
00
00
00
00
00
00
00
// 0x00003d90
00
00
00
00
00
00
00
00
00
00
00
00
00
00
00
00
// 0x00003da0
00
00
00
00
00
00
00
00
00
00
00
00
00
00
00
00
// 0x00003db0
00
00
00
00
00
00
00
00
00
00
00
00
00
00
00
00
// 0x00003dc0
00
00
00
00
00
00
00
00
00
00
00
00
00
00
00
00
// 0x00003dd0
00
00
00
00
00
00
00
00
00
00
00
00
00
00
00
00
// 0x00003de0
00
00
00
00
00
00
00
00
00
00
00
00
00
00
00
00
// 0x00003df0
00
00
00
00
00
00
00
00
00
00
00
00
00
00
00
00
// 0x00003e00
00
00
00
00
00
00
00
00
00
00
00
00
00
00
00
00
// 0x00003e10
00
00
00
00
00
00
00
00
00
00
00
00
00
00
00
00
// 0x00003e20
00
00
00
00
00
00
00
00
00
00
00
00
00
00
00
00
// 0x00003e30
00
00
00
00
00
00
00
00
00
00
00
00
00
00
00
00
// 0x00003e40
00
00
00
00
00
00
00
00
00
00
00
00
00
00
00
00
// 0x00003e50
00
00
00
00
00
00
00
00
00
00
00
00
00
00
00
00
// 0x00003e60
00
00
00
00
00
00
00
00
00
00
00
00
00
00
00
00
// 0x00003e70
00
00
00
00
00
00
00
00
00
00
00
00
00
00
00
00
// 0x00003e80
00
00
00
00
00
00
00
00
00
00
00
00
00
00
00
00
// 0x00003e90
00
00
00
00
00
00
00
00
00
00
00
00
00
00
00
00
// 0x00003ea0
00
00
00
00
00
00
00
00
00
00
00
00
00
00
00
00
// 0x00003eb0
00
00
00
00
00
00
00
00
00
00
00
00
00
00
00
00
// 0x00003ec0
00
00
00
00
00
00
00
00
00
00
00
00
00
00
00
00
// 0x00003ed0
00
00
00
00
00
00
00
00
00
00
00
00
00
00
00
00
// 0x00003ee0
00
00
00
00
00
00
00
00
00
00
00
00
00
00
00
00
// 0x00003ef0
00
00
00
00
00
00
00
00
00
00
00
00
00
00
00
00
// 0x00003f00
00
00
00
00
00
00
00
00
00
00
00
00
00
00
00
00
// 0x00003f10
00
00
00
00
00
00
00
00
00
00
00
00
00
00
00
00
// 0x00003f20
00
00
00
00
00
00
00
00
00
00
00
00
00
00
00
00
// 0x00003f30
00
00
00
00
00
00
00
00
00
00
00
00
00
00
00
00
// 0x00003f40
00
00
00
00
00
00
00
00
00
00
00
00
00
00
00
00
// 0x00003f50
00
00
00
00
00
00
00
00
00
00
00
00
00
00
00
00
// 0x00003f60
00
00
00
00
00
00
00
00
00
00
00
00
00
00
00
00
// 0x00003f70
00
00
00
00
00
00
00
00
00
00
00
00
00
00
00
00
// 0x00003f80
00
00
00
00
00
00
00
00
00
00
00
00
00
00
00
00
// 0x00003f90
00
00
00
00
00
00
00
00
00
00
00
00
00
00
00
00
// 0x00003fa0
00
00
00
00
00
00
00
00
00
00
00
00
00
00
00
00
// 0x00003fb0
00
00
00
00
00
00
00
00
00
00
00
00
00
00
00
00
// 0x00003fc0
00
00
00
00
00
00
00
00
00
00
00
00
00
00
00
00
// 0x00003fd0
00
00
00
00
00
00
00
00
00
00
00
00
00
00
00
00
// 0x00003fe0
00
00
00
00
00
00
00
00
00
00
00
00
00
00
00
00
// 0x00003ff0
00
00
00
00
00
00
00
00
00
00
00
00
00
00
00
00
// 0x00004000
00
00
00
00
00
00
00
00
00
00
00
00
00
00
00
00
// 0x00004010
00
00
00
00
00
00
00
00
00
00
00
00
00
00
00
00
// 0x00004020
00
00
00
00
00
00
00
00
00
00
00
00
00
00
00
00
// 0x00004030
00
00
00
00
00
00
00
00
00
00
00
00
00
00
00
00
// 0x00004040
00
00
00
00
00
00
00
00
00
00
00
00
00
00
00
00
// 0x00004050
00
00
00
00
00
00
00
00
00
00
00
00
00
00
00
00
// 0x00004060
00
00
00
00
00
00
00
00
00
00
00
00
00
00
00
00
// 0x00004070
00
00
00
00
00
00
00
00
00
00
00
00
00
00
00
00
// 0x00004080
00
00
00
00
00
00
00
00
00
00
00
00
00
00
00
00
// 0x00004090
00
00
00
00
00
00
00
00
00
00
00
00
00
00
00
00
// 0x000040a0
00
00
00
00
00
00
00
00
00
00
00
00
00
00
00
00
// 0x000040b0
00
00
00
00
00
00
00
00
00
00
00
00
00
00
00
00
// 0x000040c0
00
00
00
00
00
00
00
00
00
00
00
00
00
00
00
00
// 0x000040d0
00
00
00
00
00
00
00
00
00
00
00
00
00
00
00
00
// 0x000040e0
00
00
00
00
00
00
00
00
00
00
00
00
00
00
00
00
// 0x000040f0
00
00
00
00
00
00
00
00
00
00
00
00
00
00
00
00
// 0x00004100
00
00
00
00
00
00
00
00
00
00
00
00
00
00
00
00
// 0x00004110
00
00
00
00
00
00
00
00
00
00
00
00
00
00
00
00
// 0x00004120
00
00
00
00
00
00
00
00
00
00
00
00
00
00
00
00
// 0x00004130
00
00
00
00
00
00
00
00
00
00
00
00
00
00
00
00
// 0x00004140
00
00
00
00
00
00
00
00
00
00
00
00
00
00
00
00
// 0x00004150
00
00
00
00
00
00
00
00
00
00
00
00
00
00
00
00
// 0x00004160
00
00
00
00
00
00
00
00
00
00
00
00
00
00
00
00
// 0x00004170
00
00
00
00
00
00
00
00
00
00
00
00
00
00
00
00
// 0x00004180
00
00
00
00
00
00
00
00
00
00
00
00
00
00
00
00
// 0x00004190
00
00
00
00
00
00
00
00
00
00
00
00
00
00
00
00
// 0x000041a0
00
00
00
00
00
00
00
00
00
00
00
00
00
00
00
00
// 0x000041b0
00
00
00
00
00
00
00
00
00
00
00
00
00
00
00
00
// 0x000041c0
00
00
00
00
00
00
00
00
00
00
00
00
00
00
00
00
// 0x000041d0
00
00
00
00
00
00
00
00
00
00
00
00
00
00
00
00
// 0x000041e0
00
00
00
00
00
00
00
00
00
00
00
00
00
00
00
00
// 0x000041f0
00
00
00
00
00
00
00
00
00
00
00
00
00
00
00
00
// 0x00004200
00
00
00
00
00
00
00
00
00
00
00
00
00
00
00
00
// 0x00004210
00
00
00
00
00
00
00
00
00
00
00
00
00
00
00
00
// 0x00004220
00
00
00
00
00
00
00
00
00
00
00
00
00
00
00
00
// 0x00004230
00
00
00
00
00
00
00
00
00
00
00
00
00
00
00
00
// 0x00004240
00
00
00
00
00
00
00
00
00
00
00
00
00
00
00
00
// 0x00004250
00
00
00
00
00
00
00
00
00
00
00
00
00
00
00
00
// 0x00004260
00
00
00
00
00
00
00
00
00
00
00
00
00
00
00
00
// 0x00004270
00
00
00
00
00
00
00
00
00
00
00
00
00
00
00
00
// 0x00004280
00
00
00
00
00
00
00
00
00
00
00
00
00
00
00
00
// 0x00004290
00
00
00
00
00
00
00
00
00
00
00
00
00
00
00
00
// 0x000042a0
00
00
00
00
00
00
00
00
00
00
00
00
00
00
00
00
// 0x000042b0
00
00
00
00
00
00
00
00
00
00
00
00
00
00
00
00
// 0x000042c0
00
00
00
00
00
00
00
00
00
00
00
00
00
00
00
00
// 0x000042d0
00
00
00
00
00
00
00
00
00
00
00
00
00
00
00
00
// 0x000042e0
00
00
00
00
00
00
00
00
00
00
00
00
00
00
00
00
// 0x000042f0
00
00
00
00
00
00
00
00
00
00
00
00
00
00
00
00
// 0x00004300
00
00
00
00
00
00
00
00
00
00
00
00
00
00
00
00
// 0x00004310
00
00
00
00
00
00
00
00
00
00
00
00
00
00
00
00
// 0x00004320
00
00
00
00
00
00
00
00
00
00
00
00
00
00
00
00
// 0x00004330
00
00
00
00
00
00
00
00
00
00
00
00
00
00
00
00
// 0x00004340
00
00
00
00
00
00
00
00
00
00
00
00
00
00
00
00
// 0x00004350
00
00
00
00
00
00
00
00
00
00
00
00
00
00
00
00
// 0x00004360
00
00
00
00
00
00
00
00
00
00
00
00
00
00
00
00
// 0x00004370
00
00
00
00
00
00
00
00
00
00
00
00
00
00
00
00
// 0x00004380
00
00
00
00
00
00
00
00
00
00
00
00
00
00
00
00
// 0x00004390
00
00
00
00
00
00
00
00
00
00
00
00
00
00
00
00
// 0x000043a0
00
00
00
00
00
00
00
00
00
00
00
00
00
00
00
00
// 0x000043b0
00
00
00
00
00
00
00
00
00
00
00
00
00
00
00
00
// 0x000043c0
00
00
00
00
00
00
00
00
00
00
00
00
00
00
00
00
// 0x000043d0
00
00
00
00
00
00
00
00
00
00
00
00
00
00
00
00
// 0x000043e0
00
00
00
00
00
00
00
00
00
00
00
00
00
00
00
00
// 0x000043f0
00
00
00
00
00
00
00
00
00
00
00
00
00
00
00
00
// 0x00004400
00
00
00
00
00
00
00
00
00
00
00
00
00
00
00
00
// 0x00004410
00
00
00
00
00
00
00
00
00
00
00
00
00
00
00
00
// 0x00004420
00
00
00
00
00
00
00
00
00
00
00
00
00
00
00
00
// 0x00004430
00
00
00
00
00
00
00
00
00
00
00
00
00
00
00
00
// 0x00004440
00
00
00
00
00
00
00
00
00
00
00
00
00
00
00
00
// 0x00004450
00
00
00
00
00
00
00
00
00
00
00
00
00
00
00
00
// 0x00004460
00
00
00
00
00
00
00
00
00
00
00
00
00
00
00
00
// 0x00004470
00
00
00
00
00
00
00
00
00
00
00
00
00
00
00
00
// 0x00004480
00
00
00
00
00
00
00
00
00
00
00
00
00
00
00
00
// 0x00004490
00
00
00
00
00
00
00
00
00
00
00
00
00
00
00
00
// 0x000044a0
00
00
00
00
00
00
00
00
00
00
00
00
00
00
00
00
// 0x000044b0
00
00
00
00
00
00
00
00
00
00
00
00
00
00
00
00
// 0x000044c0
00
00
00
00
00
00
00
00
00
00
00
00
00
00
00
00
// 0x000044d0
00
00
00
00
00
00
00
00
00
00
00
00
00
00
00
00
// 0x000044e0
00
00
00
00
00
00
00
00
00
00
00
00
00
00
00
00
// 0x000044f0
00
00
00
00
00
00
00
00
00
00
00
00
00
00
00
00
// 0x00004500
00
00
00
00
00
00
00
00
00
00
00
00
00
00
00
00
// 0x00004510
00
00
00
00
00
00
00
00
00
00
00
00
00
00
00
00
// 0x00004520
00
00
00
00
00
00
00
00
00
00
00
00
00
00
00
00
// 0x00004530
00
00
00
00
00
00
00
00
00
00
00
00
00
00
00
00
// 0x00004540
00
00
00
00
00
00
00
00
00
00
00
00
00
00
00
00
// 0x00004550
00
00
00
00
00
00
00
00
00
00
00
00
00
00
00
00
// 0x00004560
00
00
00
00
00
00
00
00
00
00
00
00
00
00
00
00
// 0x00004570
00
00
00
00
00
00
00
00
00
00
00
00
00
00
00
00
// 0x00004580
00
00
00
00
00
00
00
00
00
00
00
00
00
00
00
00
// 0x00004590
00
00
00
00
00
00
00
00
00
00
00
00
00
00
00
00
// 0x000045a0
00
00
00
00
00
00
00
00
00
00
00
00
00
00
00
00
// 0x000045b0
00
00
00
00
00
00
00
00
00
00
00
00
00
00
00
00
// 0x000045c0
00
00
00
00
00
00
00
00
00
00
00
00
00
00
00
00
// 0x000045d0
00
00
00
00
00
00
00
00
00
00
00
00
00
00
00
00
// 0x000045e0
00
00
00
00
00
00
00
00
00
00
00
00
00
00
00
00
// 0x000045f0
00
00
00
00
00
00
00
00
00
00
00
00
00
00
00
00
// 0x00004600
00
00
00
00
00
00
00
00
00
00
00
00
00
00
00
00
// 0x00004610
00
00
00
00
00
00
00
00
00
00
00
00
00
00
00
00
// 0x00004620
00
00
00
00
00
00
00
00
00
00
00
00
00
00
00
00
// 0x00004630
00
00
00
00
00
00
00
00
00
00
00
00
00
00
00
00
// 0x00004640
00
00
00
00
00
00
00
00
00
00
00
00
00
00
00
00
// 0x00004650
00
00
00
00
00
00
00
00
00
00
00
00
00
00
00
00
// 0x00004660
00
00
00
00
00
00
00
00
00
00
00
00
00
00
00
00
// 0x00004670
00
00
00
00
00
00
00
00
00
00
00
00
00
00
00
00
// 0x00004680
00
00
00
00
00
00
00
00
00
00
00
00
00
00
00
00
// 0x00004690
00
00
00
00
00
00
00
00
00
00
00
00
00
00
00
00
// 0x000046a0
00
00
00
00
00
00
00
00
00
00
00
00
00
00
00
00
// 0x000046b0
00
00
00
00
00
00
00
00
00
00
00
00
00
00
00
00
// 0x000046c0
00
00
00
00
00
00
00
00
00
00
00
00
00
00
00
00
// 0x000046d0
00
00
00
00
00
00
00
00
00
00
00
00
00
00
00
00
// 0x000046e0
00
00
00
00
00
00
00
00
00
00
00
00
00
00
00
00
// 0x000046f0
00
00
00
00
00
00
00
00
00
00
00
00
00
00
00
00
// 0x00004700
00
00
00
00
00
00
00
00
00
00
00
00
00
00
00
00
// 0x00004710
00
00
00
00
00
00
00
00
00
00
00
00
00
00
00
00
// 0x00004720
00
00
00
00
00
00
00
00
00
00
00
00
00
00
00
00
// 0x00004730
00
00
00
00
00
00
00
00
00
00
00
00
00
00
00
00
// 0x00004740
00
00
00
00
00
00
00
00
00
00
00
00
00
00
00
00
// 0x00004750
00
00
00
00
00
00
00
00
00
00
00
00
00
00
00
00
// 0x00004760
00
00
00
00
00
00
00
00
00
00
00
00
00
00
00
00
// 0x00004770
00
00
00
00
00
00
00
00
00
00
00
00
00
00
00
00
// 0x00004780
00
00
00
00
00
00
00
00
00
00
00
00
00
00
00
00
// 0x00004790
00
00
00
00
00
00
00
00
00
00
00
00
00
00
00
00
// 0x000047a0
00
00
00
00
00
00
00
00
00
00
00
00
00
00
00
00
// 0x000047b0
00
00
00
00
00
00
00
00
00
00
00
00
00
00
00
00
// 0x000047c0
00
00
00
00
00
00
00
00
00
00
00
00
00
00
00
00
// 0x000047d0
00
00
00
00
00
00
00
00
00
00
00
00
00
00
00
00
// 0x000047e0
00
00
00
00
00
00
00
00
00
00
00
00
00
00
00
00
// 0x000047f0
00
00
00
00
00
00
00
00
00
00
00
00
00
00
00
00
// 0x00004800
00
00
00
00
00
00
00
00
00
00
00
00
00
00
00
00
// 0x00004810
00
00
00
00
00
00
00
00
00
00
00
00
00
00
00
00
// 0x00004820
00
00
00
00
00
00
00
00
00
00
00
00
00
00
00
00
// 0x00004830
00
00
00
00
00
00
00
00
00
00
00
00
00
00
00
00
// 0x00004840
00
00
00
00
00
00
00
00
00
00
00
00
00
00
00
00
// 0x00004850
00
00
00
00
00
00
00
00
00
00
00
00
00
00
00
00
// 0x00004860
00
00
00
00
00
00
00
00
00
00
00
00
00
00
00
00
// 0x00004870
00
00
00
00
00
00
00
00
00
00
00
00
00
00
00
00
// 0x00004880
00
00
00
00
00
00
00
00
00
00
00
00
00
00
00
00
// 0x00004890
00
00
00
00
00
00
00
00
00
00
00
00
00
00
00
00
// 0x000048a0
00
00
00
00
00
00
00
00
00
00
00
00
00
00
00
00
// 0x000048b0
00
00
00
00
00
00
00
00
00
00
00
00
00
00
00
00
// 0x000048c0
00
00
00
00
00
00
00
00
00
00
00
00
00
00
00
00
// 0x000048d0
00
00
00
00
00
00
00
00
00
00
00
00
00
00
00
00
// 0x000048e0
00
00
00
00
00
00
00
00
00
00
00
00
00
00
00
00
// 0x000048f0
00
00
00
00
00
00
00
00
00
00
00
00
00
00
00
00
// 0x00004900
00
00
00
00
00
00
00
00
00
00
00
00
00
00
00
00
// 0x00004910
00
00
00
00
00
00
00
00
00
00
00
00
00
00
00
00
// 0x00004920
00
00
00
00
00
00
00
00
00
00
00
00
00
00
00
00
// 0x00004930
00
00
00
00
00
00
00
00
00
00
00
00
00
00
00
00
// 0x00004940
00
00
00
00
00
00
00
00
00
00
00
00
00
00
00
00
// 0x00004950
00
00
00
00
00
00
00
00
00
00
00
00
00
00
00
00
// 0x00004960
00
00
00
00
00
00
00
00
00
00
00
00
00
00
00
00
// 0x00004970
00
00
00
00
00
00
00
00
00
00
00
00
00
00
00
00
// 0x00004980
00
00
00
00
00
00
00
00
00
00
00
00
00
00
00
00
// 0x00004990
00
00
00
00
00
00
00
00
00
00
00
00
00
00
00
00
// 0x000049a0
00
00
00
00
00
00
00
00
00
00
00
00
00
00
00
00
// 0x000049b0
00
00
00
00
00
00
00
00
00
00
00
00
00
00
00
00
// 0x000049c0
00
00
00
00
00
00
00
00
00
00
00
00
00
00
00
00
// 0x000049d0
00
00
00
00
00
00
00
00
00
00
00
00
00
00
00
00
// 0x000049e0
00
00
00
00
00
00
00
00
00
00
00
00
00
00
00
00
// 0x000049f0
00
00
00
00
00
00
00
00
00
00
00
00
00
00
00
00
// 0x00004a00
00
00
00
00
00
00
00
00
00
00
00
00
00
00
00
00
// 0x00004a10
00
00
00
00
00
00
00
00
00
00
00
00
00
00
00
00
// 0x00004a20
00
00
00
00
00
00
00
00
00
00
00
00
00
00
00
00
// 0x00004a30
00
00
00
00
00
00
00
00
00
00
00
00
00
00
00
00
// 0x00004a40
00
00
00
00
00
00
00
00
00
00
00
00
00
00
00
00
// 0x00004a50
00
00
00
00
00
00
00
00
00
00
00
00
00
00
00
00
// 0x00004a60
00
00
00
00
00
00
00
00
00
00
00
00
00
00
00
00
// 0x00004a70
00
00
00
00
00
00
00
00
00
00
00
00
00
00
00
00
// 0x00004a80
00
00
00
00
00
00
00
00
00
00
00
00
00
00
00
00
// 0x00004a90
00
00
00
00
00
00
00
00
00
00
00
00
00
00
00
00
// 0x00004aa0
00
00
00
00
00
00
00
00
00
00
00
00
00
00
00
00
// 0x00004ab0
00
00
00
00
00
00
00
00
00
00
00
00
00
00
00
00
// 0x00004ac0
00
00
00
00
00
00
00
00
00
00
00
00
00
00
00
00
// 0x00004ad0
00
00
00
00
00
00
00
00
00
00
00
00
00
00
00
00
// 0x00004ae0
00
00
00
00
00
00
00
00
00
00
00
00
00
00
00
00
// 0x00004af0
00
00
00
00
00
00
00
00
00
00
00
00
00
00
00
00
// 0x00004b00
00
00
00
00
00
00
00
00
00
00
00
00
00
00
00
00
// 0x00004b10
00
00
00
00
00
00
00
00
00
00
00
00
00
00
00
00
// 0x00004b20
00
00
00
00
00
00
00
00
00
00
00
00
00
00
00
00
// 0x00004b30
00
00
00
00
00
00
00
00
00
00
00
00
00
00
00
00
// 0x00004b40
00
00
00
00
00
00
00
00
00
00
00
00
00
00
00
00
// 0x00004b50
00
00
00
00
00
00
00
00
00
00
00
00
00
00
00
00
// 0x00004b60
00
00
00
00
00
00
00
00
00
00
00
00
00
00
00
00
// 0x00004b70
00
00
00
00
00
00
00
00
00
00
00
00
00
00
00
00
// 0x00004b80
00
00
00
00
00
00
00
00
00
00
00
00
00
00
00
00
// 0x00004b90
00
00
00
00
00
00
00
00
00
00
00
00
00
00
00
00
// 0x00004ba0
00
00
00
00
00
00
00
00
00
00
00
00
00
00
00
00
// 0x00004bb0
00
00
00
00
00
00
00
00
00
00
00
00
00
00
00
00
// 0x00004bc0
00
00
00
00
00
00
00
00
00
00
00
00
00
00
00
00
// 0x00004bd0
00
00
00
00
00
00
00
00
00
00
00
00
00
00
00
00
// 0x00004be0
00
00
00
00
00
00
00
00
00
00
00
00
00
00
00
00
// 0x00004bf0
00
00
00
00
00
00
00
00
00
00
00
00
00
00
00
00
// 0x00004c00
00
00
00
00
00
00
00
00
00
00
00
00
00
00
00
00
// 0x00004c10
00
00
00
00
00
00
00
00
00
00
00
00
00
00
00
00
// 0x00004c20
00
00
00
00
00
00
00
00
00
00
00
00
00
00
00
00
// 0x00004c30
00
00
00
00
00
00
00
00
00
00
00
00
00
00
00
00
// 0x00004c40
00
00
00
00
00
00
00
00
00
00
00
00
00
00
00
00
// 0x00004c50
00
00
00
00
00
00
00
00
00
00
00
00
00
00
00
00
// 0x00004c60
00
00
00
00
00
00
00
00
00
00
00
00
00
00
00
00
// 0x00004c70
00
00
00
00
00
00
00
00
00
00
00
00
00
00
00
00
// 0x00004c80
00
00
00
00
00
00
00
00
00
00
00
00
00
00
00
00
// 0x00004c90
00
00
00
00
00
00
00
00
00
00
00
00
00
00
00
00
// 0x00004ca0
00
00
00
00
00
00
00
00
00
00
00
00
00
00
00
00
// 0x00004cb0
00
00
00
00
00
00
00
00
00
00
00
00
00
00
00
00
// 0x00004cc0
00
00
00
00
00
00
00
00
00
00
00
00
00
00
00
00
// 0x00004cd0
00
00
00
00
00
00
00
00
00
00
00
00
00
00
00
00
// 0x00004ce0
00
00
00
00
00
00
00
00
00
00
00
00
00
00
00
00
// 0x00004cf0
00
00
00
00
00
00
00
00
00
00
00
00
00
00
00
00
// 0x00004d00
00
00
00
00
00
00
00
00
00
00
00
00
00
00
00
00
// 0x00004d10
00
00
00
00
00
00
00
00
00
00
00
00
00
00
00
00
// 0x00004d20
00
00
00
00
00
00
00
00
00
00
00
00
00
00
00
00
// 0x00004d30
00
00
00
00
00
00
00
00
00
00
00
00
00
00
00
00
// 0x00004d40
00
00
00
00
00
00
00
00
00
00
00
00
00
00
00
00
// 0x00004d50
00
00
00
00
00
00
00
00
00
00
00
00
00
00
00
00
// 0x00004d60
00
00
00
00
00
00
00
00
00
00
00
00
00
00
00
00
// 0x00004d70
00
00
00
00
00
00
00
00
00
00
00
00
00
00
00
00
// 0x00004d80
00
00
00
00
00
00
00
00
00
00
00
00
00
00
00
00
// 0x00004d90
00
00
00
00
00
00
00
00
00
00
00
00
00
00
00
00
// 0x00004da0
00
00
00
00
00
00
00
00
00
00
00
00
00
00
00
00
// 0x00004db0
00
00
00
00
00
00
00
00
00
00
00
00
00
00
00
00
// 0x00004dc0
00
00
00
00
00
00
00
00
00
00
00
00
00
00
00
00
// 0x00004dd0
00
00
00
00
00
00
00
00
00
00
00
00
00
00
00
00
// 0x00004de0
00
00
00
00
00
00
00
00
00
00
00
00
00
00
00
00
// 0x00004df0
00
00
00
00
00
00
00
00
00
00
00
00
00
00
00
00
// 0x00004e00
00
00
00
00
00
00
00
00
00
00
00
00
00
00
00
00
// 0x00004e10
00
00
00
00
00
00
00
00
00
00
00
00
00
00
00
00
// 0x00004e20
xx
