0003
0003
0006
FF00
0203
0405
FC02
0301
0203
0102
FE00
FDFF
0000
0000
000A
0102
0301
02FE
00FD
FF02
0002
0304
05FC
0203
0000
0000
0002
0000
0000
0000
0000
0000
0000
0000
0000
0000
0000
0000
0001
0001
0000
0000
0000
0000
0000
0000
0000
0000
0000
0000
0000
0000
0000
0000
0000
0000
0001
0001
0000
0000
0000
0000
0000
0000
0000
0000
0000
0000
0000
0000
0000
0000
0000
0000
0005
0005
0000
0000
0000
0000
0000
0000
0000
0000
0000
0000
0000
0000
0000
0000
0000
0000
0009
0009
0002
0000
0000
0000
0000
0000
0000
0000
0000
0000
0000
0000
000A
00FD
FF02
0002
0304
05FC
0203
0102
0301
02FE
0000
0000
0005
0005
0000
0000
0000
0000
0000
0000
0000
0000
0000
0000
0000
0000
0000
0000
0000
0000
0002
0000
0000
0000
0000
0000
0000
0000
0000
0000
0000
0000
0000
0000
